-,-,-
-0.02,-0.13,1.00
-0.02,-0.09,0.97
-0.01,-0.12,0.96
-0.02,-0.14,1.00
-0.02,-0.13,1.01
-0.02,-0.13,0.99
-0.02,-0.13,1.00
-0.02,-0.14,1.00
-0.02,-0.13,0.99
-0.02,-0.14,0.99
-0.02,-0.16,1.00
-0.02,-0.15,1.00
-0.02,-0.13,0.97
-0.02,-0.13,1.00
-0.02,-0.14,1.01
-0.02,-0.14,0.97
-0.01,-0.14,0.97
-0.01,-0.15,0.97
-0.01,-0.13,0.98
-0.01,-0.13,0.99
-0.01,-0.13,1.02
-0.01,-0.17,1.00
-0.00,-0.14,0.95
0.00,-0.14,0.95
-0.00,-0.13,0.96
-0.01,-0.12,0.94
-0.01,-0.11,0.93
-0.01,-0.12,0.94
-0.01,-0.18,0.94
0.00,-0.25,1.00
-0.01,-0.25,0.98
-0.08,-0.34,1.36
-0.17,-0.32,1.93
-0.26,-0.18,1.98
-0.17,-0.33,1.54
-0.20,0.15,1.44
-0.14,0.67,1.35
-0.14,0.56,1.32
-0.13,0.72,0.88
0.01,0.78,0.48
0.15,0.48,0.36
0.18,0.47,0.46
0.20,0.43,0.23
0.32,0.18,-0.12
0.29,0.12,-0.20
0.26,0.03,-0.18
0.13,0.04,-0.27
0.04,-0.08,-0.32
-0.16,-0.29,-0.32
-0.44,-0.41,-0.24
-0.93,-1.04,0.78
-1.05,-1.12,0.98
-1.19,-1.03,1.44
-1.22,-1.24,1.58
-1.30,-1.47,1.85
-1.35,-1.09,1.91
-1.46,-0.24,1.64
-1.27,-0.41,2.02
-1.33,-0.28,1.76
-1.37,-0.06,1.82
-1.35,0.15,1.68
-1.25,0.48,1.48
-1.10,0.44,1.43
-0.97,0.42,1.37
-0.80,0.33,1.33
-0.72,0.22,1.10
-0.65,0.28,0.91
-0.53,0.28,0.70
-,-,-
-0.09,-0.04,0.95
-0.09,-0.05,0.98
-0.09,-0.05,0.98
-0.09,-0.04,0.99
-0.09,-0.04,0.99
-0.09,-0.03,1.01
-0.09,-0.04,1.02
-0.09,-0.04,0.98
-0.09,-0.05,1.00
-0.10,-0.04,1.02
-0.10,-0.05,1.01
-0.10,-0.04,1.02
-0.10,-0.05,1.00
-0.10,-0.05,1.02
-0.10,-0.03,1.03
-0.10,-0.05,1.03
-0.10,-0.03,1.00
-0.09,-0.05,0.97
-0.09,-0.07,0.99
-0.10,-0.03,1.01
-0.10,-0.03,1.00
-0.09,-0.01,1.00
-0.08,-0.02,0.98
-0.06,-0.04,0.93
-0.05,-0.03,0.90
-0.09,0.00,0.94
-0.10,-0.06,1.05
-0.11,-0.04,1.15
-0.12,0.02,1.09
-0.14,0.05,1.06
-0.12,0.07,1.06
-0.08,-0.09,1.05
-0.07,-0.07,1.02
-0.07,0.02,0.92
-0.05,-0.02,0.82
-0.01,-0.06,0.82
-0.02,-0.10,0.88
-0.07,-0.07,0.80
-0.06,-0.17,0.82
-0.08,-0.12,0.99
-0.07,-0.19,0.89
-0.07,-0.19,0.85
-0.11,-0.11,1.09
-0.12,-0.14,1.11
-0.21,-0.34,1.50
-0.34,-0.18,1.74
-0.42,0.05,1.69
-0.50,0.22,1.82
-0.51,0.11,2.01
-0.62,0.42,1.85
-0.57,0.55,1.49
-0.47,0.65,1.18
-0.44,0.81,1.03
-0.42,1.00,0.94
-0.34,0.97,0.54
-0.15,0.79,0.14
-0.08,0.56,-0.03
-0.05,0.47,-0.20
-0.00,0.22,-0.32
0.03,-0.08,-0.42
0.05,-0.17,-0.60
0.08,-0.67,-0.53
-0.01,-0.88,-0.57
-0.20,-1.01,-0.62
-0.43,-1.27,-0.05
-0.62,-1.50,0.59
-0.80,-1.48,1.19
-1.26,-1.73,1.57
-1.50,-1.07,1.93
-1.62,-0.45,2.30
-1.67,-0.35,2.52
-1.68,-0.23,2.84
-1.67,0.20,2.93
-1.49,1.03,1.79
-1.31,0.60,1.81
-1.20,0.29,1.84
-1.15,0.50,1.73
-1.08,0.89,1.16
-0.62,0.44,0.37
-0.41,0.18,0.35
-0.31,0.30,0.39
-0.25,0.40,0.28
-,-,-
0.09,-0.01,0.94
0.09,-0.00,0.99
0.08,-0.01,1.03
0.09,-0.02,1.02
0.09,-0.01,0.98
0.08,0.00,0.94
0.08,-0.02,0.95
0.08,0.01,1.00
0.07,-0.00,1.02
0.08,0.01,1.00
0.08,0.03,0.95
0.08,-0.01,0.97
0.08,-0.02,1.00
0.07,-0.00,0.99
0.08,-0.01,0.99
0.07,0.00,0.97
0.08,-0.03,0.97
0.07,-0.04,1.00
0.05,-0.00,1.00
0.05,0.01,0.99
0.06,-0.02,0.95
0.07,-0.05,0.93
0.08,-0.01,0.89
0.11,-0.07,0.84
0.12,-0.10,0.80
0.14,-0.16,0.73
0.13,-0.30,0.55
0.10,-0.38,0.43
-0.12,-0.72,0.93
-0.35,-0.45,1.19
-0.49,-0.30,1.48
-0.58,-0.30,1.79
-0.76,-0.13,1.92
-0.94,0.47,1.99
-0.93,1.32,1.94
-0.92,1.22,1.96
-0.91,0.87,1.91
-0.86,0.84,1.09
-0.70,1.13,0.52
-0.56,1.07,0.35
-0.36,0.48,0.13
-0.26,0.73,-0.14
-0.13,0.61,-0.42
0.03,0.17,-0.43
0.10,-0.17,-0.35
0.06,-0.12,-0.30
0.06,-0.34,-0.50
0.01,-0.51,-0.58
-0.16,-0.55,-0.50
-0.33,-0.65,-0.44
-0.56,-0.97,-0.13
-0.82,-1.13,0.44
-1.36,-1.76,1.50
-1.45,-1.59,2.17
-1.51,-1.29,1.78
-1.56,-1.17,1.72
-1.67,-1.06,2.26
-1.77,-0.96,2.55
-1.81,0.16,2.83
-1.65,0.14,2.61
-1.60,-0.01,2.00
-1.53,0.17,1.84
-1.50,0.10,2.00
-1.53,0.68,1.55
-1.38,0.76,1.13
-1.17,0.82,0.79
-0.61,0.53,0.01
-0.33,0.33,-0.08
-0.07,-0.08,-0.24
0.16,-0.23,-0.62
0.29,-0.57,-0.56
0.30,-0.82,0.18
-,-,-
0.12,-0.07,1.04
0.13,-0.13,0.95
0.13,-0.09,0.93
0.13,-0.10,0.95
0.13,-0.11,1.00
0.14,-0.07,1.00
0.15,-0.08,0.93
0.16,-0.11,0.91
0.16,-0.14,0.94
0.13,-0.05,0.98
0.14,-0.08,1.03
0.14,-0.08,1.01
0.14,-0.07,0.95
0.13,-0.09,0.95
0.13,-0.10,0.99
0.12,-0.07,1.01
0.13,-0.10,0.98
0.13,-0.08,0.95
0.13,-0.08,0.93
0.13,-0.06,0.97
0.12,-0.06,0.99
0.12,-0.05,0.99
0.12,-0.07,0.97
0.12,-0.06,0.89
0.14,-0.17,0.75
0.17,-0.31,0.56
0.15,-0.27,0.58
0.11,-0.26,0.58
0.06,-0.27,0.42
-0.03,-0.44,0.02
-0.45,-1.10,1.22
-0.69,-0.62,1.86
-0.90,0.11,1.65
-0.88,0.12,1.26
-0.91,-0.36,1.27
-1.07,-0.41,1.83
-1.37,0.16,2.17
-1.43,0.71,2.09
-1.31,1.03,1.65
-1.16,0.93,1.76
-1.10,0.57,1.80
-1.11,0.33,1.65
-1.15,1.22,0.50
-0.76,0.65,-0.17
-0.45,0.23,0.34
-0.33,-0.10,0.54
-0.23,0.25,-0.10
-0.03,0.44,-0.66
0.19,-0.08,-0.33
0.22,-0.11,-0.41
0.29,-0.39,-0.20
0.27,-0.47,-0.14
0.28,-0.53,-0.11
0.22,-0.52,-0.30
0.14,-0.85,-0.28
-0.19,-0.83,0.37
-0.34,-1.07,0.09
-0.68,-1.40,0.11
-1.22,-1.44,0.84
-1.47,-1.43,2.35
-1.39,-1.32,2.91
-1.29,-0.78,1.91
-1.31,-0.87,1.89
-1.48,-1.03,1.99
-1.80,-0.48,2.19
-1.90,0.40,2.54
-1.72,1.44,2.75
-1.45,1.30,2.37
-1.18,0.40,1.17
-0.97,0.37,0.90
-0.76,0.35,0.66
-0.61,0.57,0.35
-0.49,0.74,-0.02
-0.17,0.04,-0.22
0.07,-0.12,-0.08
0.37,-0.67,-0.20
0.33,-0.62,0.28
0.33,-0.69,0.57
0.29,-0.67,0.82
0.22,-0.45,0.89
0.23,-0.52,0.88
0.25,-0.43,0.93
0.22,-0.19,1.02
0.24,-0.29,1.09
0.18,-0.16,1.03
0.18,-0.11,1.00
0.20,-0.30,1.05
0.19,-0.25,1.03
0.16,-0.15,0.97
-,-,-
0.14,-0.14,1.02
0.14,-0.15,1.04
0.14,-0.10,1.01
0.15,-0.12,0.96
0.14,-0.10,0.97
0.15,-0.13,0.99
0.15,-0.12,0.99
0.14,-0.11,0.98
0.14,-0.12,0.96
0.14,-0.09,0.94
0.14,-0.12,0.95
0.14,-0.11,1.00
0.14,-0.13,0.98
0.14,-0.12,0.95
0.14,-0.10,0.96
0.15,-0.13,0.98
0.14,-0.12,0.97
0.13,-0.11,0.99
0.14,-0.10,0.95
0.14,-0.13,0.97
0.15,-0.16,0.98
0.15,-0.15,0.96
0.15,-0.11,0.96
0.14,-0.08,0.98
0.13,-0.07,1.02
0.12,-0.09,1.04
0.11,-0.07,0.98
0.11,-0.08,0.99
0.12,-0.08,0.98
0.13,-0.05,0.99
0.14,-0.07,0.99
0.13,-0.10,1.01
0.12,-0.05,1.01
0.12,-0.05,1.00
0.13,-0.09,0.99
0.12,-0.07,0.95
0.13,-0.03,0.96
0.13,-0.06,0.98
0.13,-0.08,0.99
0.10,-0.02,0.94
0.11,-0.04,0.91
0.09,-0.01,0.95
0.08,0.09,0.97
0.11,0.06,0.93
0.09,0.13,0.85
0.13,0.05,0.67
0.11,0.02,0.44
0.04,-0.05,0.32
-0.02,-0.26,0.22
-0.15,-0.36,0.17
-0.33,-0.75,0.32
-0.54,-1.05,0.93
-1.01,-0.73,1.81
-1.12,-0.84,1.82
-1.37,-0.49,1.76
-1.44,0.41,2.15
-1.44,0.27,3.00
-1.65,0.07,3.04
-1.90,0.54,2.17
-1.77,1.25,1.14
-1.31,0.75,0.89
-1.02,0.34,0.85
-0.93,0.79,0.69
-0.88,1.11,0.30
-0.63,0.78,-0.23
-0.34,0.55,-0.17
0.06,0.33,-0.45
0.17,0.27,-0.51
0.23,0.20,-0.31
0.21,0.15,-0.32
0.22,-0.04,-0.33
-0.02,-0.14,-0.28
-0.10,-0.38,-0.15
-0.26,-0.63,-0.20
-0.54,-1.09,-0.35
-0.90,-1.80,0.14
-1.20,-2.15,1.21
-1.55,-2.07,2.55
-1.63,-1.62,2.90
-1.59,-1.13,2.82
-1.54,-0.42,2.46
-1.31,1.28,2.65
-1.15,1.15,2.40
-1.10,0.86,1.75
-0.96,0.74,1.10
-0.71,0.82,0.62
-0.50,0.85,0.38
-0.05,-0.22,-0.10
0.10,-0.48,-0.26
0.10,-0.43,0.12
0.05,-0.35,0.50
0.03,-0.23,0.78
0.06,-0.21,0.89
0.09,-0.15,0.88
0.12,-0.11,0.80
0.11,-0.01,0.98
-,-,-
-0.01,-0.13,1.00
-0.01,-0.13,1.01
-0.01,-0.09,1.01
-0.01,-0.11,1.00
-0.01,-0.13,0.98
-0.00,-0.13,0.97
-0.00,-0.11,1.00
-0.01,-0.08,1.00
-0.01,-0.12,1.00
-0.01,-0.12,1.00
-0.01,-0.12,1.00
-0.01,-0.12,0.98
-0.01,-0.14,0.99
-0.01,-0.11,1.01
-0.01,-0.13,1.00
-0.01,-0.13,0.98
-0.01,-0.12,0.96
-0.01,-0.13,0.96
-0.00,-0.16,0.98
-0.01,-0.13,1.00
-0.00,-0.11,0.96
0.00,-0.12,0.95
-0.02,-0.03,0.94
-0.04,0.02,0.94
-0.03,-0.09,1.02
-0.01,-0.13,1.05
-0.02,-0.13,1.06
-0.03,-0.03,1.02
-0.02,-0.04,0.98
-0.04,-0.04,1.02
-0.06,-0.00,1.04
-0.09,0.06,1.01
-0.10,0.10,1.07
-0.06,0.03,1.08
-0.04,0.18,0.92
-0.01,0.23,0.82
0.03,0.16,0.79
0.06,0.08,0.65
0.08,0.07,0.42
0.03,-0.31,0.15
-0.08,-0.53,0.23
-0.25,-0.52,0.47
-0.45,-0.31,0.50
-0.64,-0.82,0.87
-0.88,-1.45,1.35
-1.45,-1.28,1.78
-1.86,0.14,1.98
-1.84,-0.22,2.28
-1.92,0.84,2.00
-1.74,1.49,1.71
-1.47,0.80,1.98
-1.40,0.77,1.68
-1.23,0.31,1.26
-1.04,0.32,1.43
-1.03,0.67,1.01
-0.92,0.66,0.85
-0.79,0.36,0.76
-0.66,-0.01,0.71
-0.56,0.09,0.36
-0.39,0.17,-0.19
-0.01,0.02,0.06
0.07,0.05,-0.08
0.21,-0.01,-0.29
0.32,-0.13,-0.29
0.36,-0.03,-0.25
0.43,-0.20,-0.45
0.40,-0.24,-0.25
0.20,-0.17,-0.49
-0.05,-0.17,-0.37
-0.26,-0.64,0.49
-0.39,-0.82,0.41
-0.71,-0.79,0.48
-0.99,-1.21,0.87
-1.17,-1.04,2.36
-1.18,-0.91,2.46
-1.13,-0.96,2.16
-1.16,-1.02,2.07
-1.24,-1.05,1.74
-1.56,-0.43,2.07
-1.63,0.54,1.89
-1.50,1.08,1.91
-1.12,1.15,1.76
-0.98,0.78,1.36
-0.80,0.46,0.90
-0.59,0.19,0.73
-,-,-
0.03,-0.16,0.99
0.03,-0.14,0.97
0.04,-0.17,0.98
0.04,-0.16,0.98
0.04,-0.15,0.98
0.03,-0.14,1.00
0.03,-0.14,1.00
0.03,-0.14,0.99
0.04,-0.16,1.00
0.03,-0.15,0.95
0.04,-0.16,0.97
0.03,-0.14,1.00
0.02,-0.11,1.02
0.02,-0.13,1.02
0.02,-0.16,0.99
0.03,-0.17,0.99
0.02,-0.14,0.99
0.02,-0.13,1.01
0.02,-0.13,1.01
0.03,-0.16,0.96
0.03,-0.17,0.95
0.02,-0.14,0.99
0.01,-0.12,1.01
0.01,-0.16,1.00
0.01,-0.17,1.03
-0.01,-0.07,0.99
-0.01,0.01,1.03
0.01,0.04,1.05
0.02,0.00,0.97
0.04,0.03,0.89
0.04,-0.02,0.84
0.02,0.02,0.86
0.02,0.03,0.90
0.01,0.00,0.75
0.05,-0.12,0.56
0.01,-0.12,0.50
-0.03,-0.13,0.41
-0.05,-0.26,0.52
-0.12,-0.33,0.56
-0.31,-0.55,0.42
-0.46,-0.86,0.61
-0.64,-1.35,1.21
-0.99,-1.68,1.20
-1.56,-1.07,1.12
-2.76,-0.83,1.35
-3.04,1.24,2.90
-2.48,1.47,3.60
-2.18,2.14,2.34
-1.81,0.97,1.50
-1.46,-0.36,1.71
-1.43,-0.81,1.78
-1.55,0.42,0.82
-1.21,0.69,0.21
-0.97,0.41,0.82
-0.90,-0.26,1.29
-0.87,-0.30,0.70
-0.68,-0.13,0.03
-0.17,0.11,-0.21
-0.02,-0.08,-0.15
0.08,0.02,-0.52
0.27,-0.21,-0.66
0.38,-0.30,-0.84
0.37,-0.27,-0.74
0.16,-0.52,-0.02
0.03,-0.48,0.20
-0.02,-0.65,0.23
-0.25,-0.64,-0.01
-0.60,-0.71,0.25
-0.90,-1.00,0.84
-1.11,-1.12,2.48
-1.06,-1.10,2.55
-,-,-
-0.06,-0.23,0.94
-0.07,-0.22,1.00
-0.07,-0.21,1.02
-0.07,-0.17,0.98
-0.06,-0.21,0.98
-0.06,-0.23,0.97
-0.06,-0.22,0.96
-0.05,-0.22,0.95
-0.05,-0.23,0.96
-0.05,-0.27,0.93
-0.05,-0.24,0.94
-0.05,-0.23,0.94
-0.06,-0.23,1.01
-0.06,-0.21,0.99
-0.06,-0.20,0.94
-0.06,-0.22,0.93
-0.06,-0.23,0.94
-0.08,-0.20,0.96
-0.08,-0.22,1.01
-0.08,-0.22,1.00
-0.08,-0.22,0.95
-0.07,-0.22,0.94
-0.08,-0.21,0.95
-0.07,-0.20,0.92
-0.11,-0.13,0.89
-0.12,-0.06,0.88
-0.15,0.04,0.95
-0.13,-0.13,1.06
-0.11,-0.33,1.18
-0.13,-0.25,1.10
-0.16,0.07,0.85
-0.11,-0.12,0.78
-0.10,-0.19,0.71
-0.12,0.01,0.67
-0.14,0.00,0.57
-0.13,-0.08,0.49
-0.13,-0.22,0.48
-0.18,-0.39,0.56
-0.37,-0.42,0.72
-0.47,-0.58,0.65
-0.69,-0.63,0.74
-0.99,-0.20,0.86
-1.22,0.26,1.02
-1.31,0.52,1.46
-1.30,0.38,2.05
-1.40,0.62,1.79
-1.39,0.64,1.64
-1.27,0.39,1.76
-1.22,0.18,1.98
-1.22,0.13,1.72
-1.23,0.40,1.42
-1.01,0.47,1.27
-0.95,0.48,1.15
-0.84,0.53,0.73
-0.66,0.65,0.36
-0.55,0.80,0.47
-0.43,0.58,0.40
-0.33,0.39,0.19
-0.12,0.45,-0.39
0.01,0.05,-0.46
0.12,-0.18,-0.49
0.13,-0.27,-0.62
0.01,-0.27,-0.55
-0.09,-0.47,-0.39
-0.19,-0.67,-0.11
-0.38,-1.08,-0.30
-0.66,-1.31,0.13
-0.91,-1.51,1.09
-1.13,-1.21,1.66
-1.21,-0.73,1.80
-1.19,-1.32,1.77
-1.31,-1.33,1.75
-1.53,-0.92,1.60
-1.66,-0.44,1.58
-1.66,-0.31,1.71
-1.61,-0.35,2.25
-1.65,-0.12,2.39
-1.55,0.29,1.80
-1.40,0.41,1.77
-1.26,0.21,1.70
-1.21,0.16,1.60
-1.15,0.18,1.19
-1.00,0.14,0.78
-0.80,0.31,0.44
-0.43,0.16,0.50
-0.31,0.09,0.59
-0.23,0.04,0.35
-0.09,0.07,-0.05
0.12,-0.29,-0.32
0.33,-0.88,-0.32
0.32,-0.89,0.42
0.29,-0.78,0.71
0.28,-0.81,0.79
0.26,-0.64,0.76
0.27,-0.55,0.69
0.23,-0.33,0.74
0.23,-0.31,0.79
0.27,-0.40,1.13
0.25,-0.27,1.08
0.21,-0.17,1.06
0.19,-0.08,1.05
-,-,-
0.10,-0.19,1.01
0.10,-0.20,1.02
0.10,-0.22,0.98
0.11,-0.21,0.93
0.11,-0.19,0.95
0.11,-0.21,0.97
0.11,-0.23,0.97
0.10,-0.19,0.92
0.11,-0.20,0.93
0.10,-0.17,0.99
0.11,-0.20,0.97
0.12,-0.19,0.95
0.12,-0.19,0.94
0.11,-0.16,0.96
0.10,-0.17,1.01
0.10,-0.21,1.03
0.10,-0.22,1.02
0.09,-0.21,0.93
0.10,-0.23,0.94
0.10,-0.20,0.99
0.10,-0.19,0.96
0.10,-0.20,0.96
0.10,-0.22,0.96
0.10,-0.21,0.93
0.09,-0.21,0.95
0.09,-0.24,0.99
0.06,-0.18,1.03
0.09,-0.17,0.97
0.09,-0.17,0.92
0.11,-0.20,0.95
0.09,-0.18,1.00
0.07,-0.18,1.03
0.07,-0.17,1.01
0.07,-0.19,0.97
0.08,-0.20,0.96
0.08,-0.16,0.98
0.09,-0.17,0.99
0.09,-0.14,0.98
0.08,-0.15,0.97
0.09,-0.17,0.96
0.09,-0.15,0.94
0.09,-0.12,0.96
0.09,-0.11,0.96
0.09,-0.09,0.99
0.09,-0.11,0.99
0.08,-0.02,0.94
0.10,-0.07,0.89
0.12,-0.09,0.92
0.10,-0.04,0.96
0.10,0.02,0.93
0.13,-0.04,0.79
0.10,-0.07,0.69
0.07,-0.01,0.62
0.02,0.01,0.37
-0.02,-0.05,0.36
-0.03,-0.20,0.19
-0.23,-0.38,0.13
-0.39,-0.26,0.17
-0.62,-0.25,0.54
-0.75,-0.54,1.27
-0.84,-0.78,1.41
-1.09,-0.34,0.96
-1.33,-0.48,1.11
-1.80,-0.45,2.63
-2.02,0.25,2.88
-1.95,0.76,2.55
-1.82,0.50,2.34
-1.72,-0.02,2.43
-1.85,0.04,2.41
-1.78,0.91,0.80
-1.44,0.95,0.53
-1.15,0.56,0.62
-1.07,0.69,0.57
-1.01,1.03,0.04
-0.67,0.63,-0.45
-0.34,0.43,-0.58
-0.03,0.15,-1.04
0.04,-0.26,-0.84
-0.07,-0.28,-0.88
-0.24,-0.57,-0.89
-0.55,-0.78,-0.38
-0.68,-1.25,0.28
-0.72,-1.67,1.12
-0.76,-1.59,1.11
-1.09,-1.23,0.97
-1.15,-1.97,1.58
-1.40,-1.73,2.01
-1.65,-0.98,2.06
-1.68,-0.13,1.78
-1.53,-0.20,1.79
-1.40,0.06,2.67
-1.40,0.28,2.15
-1.38,0.44,1.93
-1.36,1.06,1.67
-1.16,0.68,1.30
-0.91,0.28,1.02
-0.73,0.06,0.83
-0.60,0.18,0.65
-0.20,-0.06,-0.05
0.09,-0.53,-0.17
0.27,-0.78,-0.18
0.28,-0.60,0.07
0.23,-0.40,0.43
0.21,-0.45,0.67
0.24,-0.43,0.73
-,-,-
0.11,-0.20,1.00
0.13,-0.21,0.98
0.13,-0.19,0.98
0.13,-0.17,0.97
0.13,-0.20,0.96
0.13,-0.18,0.96
0.13,-0.18,0.93
0.13,-0.17,0.97
0.12,-0.18,0.99
0.13,-0.19,0.97
0.13,-0.18,0.95
0.13,-0.21,0.97
0.13,-0.19,0.98
0.13,-0.18,0.97
0.13,-0.19,0.98
0.13,-0.19,0.96
0.13,-0.18,0.95
0.13,-0.17,0.97
0.12,-0.18,0.98
0.12,-0.18,0.98
0.12,-0.17,0.97
0.11,-0.16,0.98
0.11,-0.15,0.98
0.12,-0.16,0.97
0.12,-0.13,0.95
0.11,-0.16,1.00
0.11,-0.13,0.99
0.11,-0.12,1.00
0.11,-0.13,1.05
0.11,-0.13,1.04
0.11,-0.12,1.03
0.11,-0.15,1.01
0.11,-0.13,1.07
0.10,-0.05,0.99
0.13,-0.10,0.93
0.15,-0.05,0.87
0.18,0.04,0.79
0.20,-0.03,0.78
0.20,-0.04,0.64
0.17,0.08,0.52
0.15,-0.04,0.54
0.12,-0.04,0.59
0.02,-0.09,0.53
-0.06,-0.10,0.36
-0.10,-0.33,0.33
-0.14,-0.41,0.46
-0.37,-0.52,0.13
-0.61,-0.65,0.51
-0.83,-0.65,0.77
-1.05,-0.64,0.95
-1.25,-0.55,1.22
-1.49,-0.54,1.57
-1.71,-0.64,1.99
-2.13,0.64,3.08
-1.95,0.88,2.85
-1.81,0.52,2.57
-1.71,0.14,2.03
-1.61,-0.01,1.81
-1.60,0.30,1.52
-1.49,0.80,1.12
-1.16,0.60,0.87
-1.08,0.73,0.77
-0.98,0.68,0.42
-0.86,0.50,0.10
-0.60,0.12,-0.18
-0.39,0.06,-0.57
-0.20,-0.03,-0.93
-0.02,-0.22,-1.03
-0.14,-0.48,-1.14
-0.32,-0.72,-1.08
-0.63,-1.09,-0.67
-0.83,-1.65,0.01
-1.02,-1.97,0.43
-1.34,-2.00,0.75
-1.65,-1.47,1.55
-1.58,-1.52,2.13
-1.61,-1.21,1.63
-1.77,-1.00,1.41
-1.87,-0.42,1.74
-1.85,0.20,2.63
-1.62,1.01,2.35
-1.49,0.65,1.64
-1.33,0.39,1.45
-1.15,0.19,1.33
-1.00,0.39,1.01
-0.88,0.46,0.80
-0.77,0.41,0.24
-0.38,0.08,0.05
-0.17,-0.19,0.09
-0.02,-0.50,0.01
0.13,-0.73,0.05
0.15,-0.60,0.36
0.16,-0.53,0.48
0.15,-0.57,0.61
0.15,-0.44,0.60
0.13,-0.34,0.73
0.13,-0.28,0.84
-,-,-
0.08,-0.23,0.94
0.07,-0.20,1.02
0.07,-0.23,0.97
0.06,-0.17,0.96
0.07,-0.20,0.94
0.07,-0.21,0.97
0.07,-0.21,0.98
0.07,-0.20,0.97
0.06,-0.18,0.96
0.06,-0.20,1.00
0.05,-0.17,1.01
0.05,-0.16,1.00
0.05,-0.16,1.01
0.06,-0.21,0.95
0.07,-0.25,0.96
0.07,-0.25,0.99
0.06,-0.18,0.96
0.06,-0.21,0.94
0.05,-0.22,0.98
0.06,-0.24,0.98
0.05,-0.20,0.98
0.04,-0.16,0.99
0.05,-0.17,0.98
0.06,-0.20,0.97
0.06,-0.19,0.99
0.05,-0.15,0.99
0.06,-0.14,0.96
0.06,-0.17,1.00
0.05,-0.18,1.00
0.04,-0.17,1.01
0.04,-0.22,1.04
0.04,-0.25,1.05
0.03,-0.15,1.02
0.03,-0.10,1.00
0.02,-0.05,1.02
0.04,-0.05,0.98
0.06,-0.02,0.92
0.10,0.10,0.84
0.10,0.07,0.76
0.10,0.09,0.63
0.11,0.08,0.50
0.07,0.08,0.41
0.04,-0.00,0.17
-0.13,-0.13,0.19
-0.24,-0.13,0.35
-0.30,-0.32,0.54
-0.45,-0.27,0.75
-0.54,-0.31,0.70
-0.68,-0.33,0.67
-0.92,-1.07,1.17
-1.16,-1.05,1.36
-1.41,-0.97,1.33
-1.80,-0.48,1.93
-1.86,-0.53,2.31
-2.07,-0.07,2.54
-2.16,0.18,2.74
-2.11,1.02,2.87
-1.99,0.53,1.75
-1.78,0.20,1.26
-1.45,0.04,0.63
-1.18,0.53,0.52
-1.04,1.00,0.49
-0.88,0.75,0.34
-0.67,0.38,0.30
-0.42,0.59,-0.28
-0.38,0.57,-0.38
-0.30,0.25,-0.53
-0.13,-0.16,-0.91
-0.10,-0.31,-1.20
-0.28,-0.41,-1.10
-0.60,-1.32,-0.44
-0.78,-1.67,-0.00
-0.96,-1.77,0.25
-1.25,-1.72,0.55
-1.55,-1.78,1.10
-1.73,-1.92,2.23
-2.06,-1.19,2.63
-1.91,-0.57,2.21
-2.02,0.08,2.28
-1.90,0.95,2.51
-1.74,0.98,2.43
-1.59,0.66,2.08
-1.54,0.73,1.50
-1.27,0.70,0.44
-0.83,0.35,-0.03
-0.47,0.07,0.02
-0.11,-0.28,0.13
-0.00,-0.22,0.05
0.08,-0.29,0.16
0.13,-0.33,0.38
-,-,-
0.19,-0.28,0.93
0.18,-0.24,0.93
0.17,-0.19,0.96
0.17,-0.19,0.96
0.18,-0.22,0.94
0.16,-0.15,0.94
0.17,-0.17,0.98
0.17,-0.21,0.96
0.16,-0.19,0.99
0.15,-0.18,0.94
0.15,-0.20,0.97
0.15,-0.19,0.94
0.15,-0.19,0.95
0.16,-0.22,0.93
0.15,-0.16,0.95
0.15,-0.17,0.97
0.15,-0.18,0.98
0.15,-0.19,1.00
0.14,-0.17,0.99
0.14,-0.17,1.00
0.14,-0.20,1.01
0.14,-0.19,0.99
0.15,-0.19,0.97
0.14,-0.17,0.99
0.14,-0.19,0.97
0.14,-0.19,0.98
0.14,-0.13,0.95
0.15,-0.18,0.97
0.16,-0.25,0.98
0.13,-0.22,0.99
0.13,-0.17,0.92
0.14,-0.25,0.94
0.14,-0.23,1.02
0.13,-0.17,0.98
0.12,-0.09,0.95
0.12,-0.04,0.95
0.17,-0.28,0.82
0.14,-0.13,0.71
0.14,-0.11,0.51
0.14,-0.17,0.38
0.13,-0.46,0.46
0.01,-0.80,1.17
-0.13,-0.83,2.04
-0.35,-0.43,2.92
-0.56,0.39,2.75
-0.55,0.58,2.02
-0.49,0.47,1.92
-0.45,0.55,1.09
-0.42,0.78,0.61
-0.32,0.78,0.37
-0.23,0.76,0.35
-0.09,0.60,-0.11
0.04,0.34,-0.45
0.13,0.11,-0.69
0.14,-0.00,-0.88
0.06,-0.25,-0.99
-0.05,-0.61,-0.78
-0.42,-0.89,-0.34
-0.72,-1.12,-0.32
-1.13,-1.31,-0.15
-1.59,-1.42,0.63
-1.93,-1.49,1.89
-1.87,-1.91,2.72
-1.80,-1.33,2.28
-1.72,-0.81,1.50
-1.73,-0.79,1.57
-1.87,-0.72,1.89
-1.99,-0.30,2.19
-1.77,0.97,2.38
-1.58,0.69,1.83
-1.40,0.14,1.62
-1.30,-0.00,1.42
-1.23,0.04,1.24
-1.02,0.62,0.47
-0.80,0.45,0.23
-0.58,0.26,0.25
-0.46,0.18,0.28
-0.34,0.14,0.04
-0.17,0.08,-0.23
0.07,-0.16,-0.41
0.09,-0.37,-0.59
0.20,-0.95,-0.66
0.17,-1.30,0.21
0.07,-1.29,0.97
-,-,-
0.11,-0.36,0.79
0.11,-0.50,0.79
0.03,-0.51,0.91
0.02,-0.49,1.03
0.00,-0.39,1.05
0.00,-0.35,1.02
0.02,-0.36,0.98
0.03,-0.38,0.91
0.04,-0.40,0.84
0.06,-0.43,0.94
0.06,-0.38,0.97
0.07,-0.34,0.92
0.06,-0.36,0.91
0.07,-0.42,0.88
0.06,-0.44,0.95
0.06,-0.41,0.90
0.05,-0.43,0.89
0.06,-0.47,0.91
0.07,-0.47,0.86
0.07,-0.46,0.86
0.05,-0.42,0.93
0.06,-0.42,0.89
0.07,-0.46,0.89
0.07,-0.44,0.90
0.08,-0.41,0.88
0.08,-0.37,0.88
0.09,-0.37,0.84
0.09,-0.40,0.87
0.07,-0.41,0.91
0.06,-0.40,0.94
0.05,-0.41,1.02
0.03,-0.36,0.93
0.04,-0.34,0.88
0.07,-0.34,0.86
0.09,-0.33,0.89
0.08,-0.22,0.86
0.11,-0.15,0.74
0.17,-0.30,0.73
0.18,-0.33,0.68
0.15,-0.31,0.56
0.06,-0.34,0.28
-0.00,-0.47,-0.13
-0.35,-0.87,0.57
-0.53,-0.84,1.21
-0.58,-1.20,1.67
-0.68,-1.49,1.93
-0.89,-1.47,2.19
-1.37,-0.54,2.11
-1.40,-0.13,2.12
-1.38,0.54,2.26
-1.42,1.20,2.37
-1.34,0.33,1.90
-1.31,0.14,0.77
-0.81,0.40,0.45
-0.59,0.51,0.36
-0.21,0.39,0.02
0.13,0.11,-0.07
0.25,0.12,0.04
0.42,0.24,-0.94
0.49,0.10,-1.20
0.34,-0.15,-1.05
0.17,-0.63,-0.72
0.13,-1.18,-0.40
-0.25,-1.26,-0.61
-0.60,-1.62,-0.52
-0.90,-1.96,0.24
-1.01,-2.06,1.13
-1.00,-1.72,1.23
-1.08,-1.33,0.84
-1.15,-1.59,1.76
-1.24,-1.90,1.77
-1.51,-1.62,2.01
-1.74,-1.04,2.10
-1.89,0.07,2.19
-1.49,0.32,2.35
-1.65,0.89,2.07
-1.53,0.84,1.26
-1.17,0.52,0.26
-0.67,0.35,-0.48
0.28,-0.12,-0.58
0.57,-0.59,-0.53
0.64,-0.69,-0.29
0.58,-0.69,0.09
-,-,-
0.31,-0.37,0.81
0.31,-0.44,0.81
0.30,-0.42,0.84
0.29,-0.46,0.85
0.29,-0.42,0.86
0.29,-0.44,0.85
0.29,-0.45,0.85
0.29,-0.44,0.90
0.29,-0.43,0.88
0.29,-0.40,0.86
0.30,-0.41,0.87
0.30,-0.37,0.85
0.30,-0.42,0.83
0.30,-0.41,0.86
0.29,-0.42,0.86
0.29,-0.43,0.86
0.29,-0.44,0.86
0.29,-0.44,0.85
0.30,-0.46,0.85
0.29,-0.39,0.85
0.30,-0.42,0.85
0.29,-0.42,0.84
0.28,-0.42,0.84
0.29,-0.42,0.86
0.30,-0.42,0.84
0.30,-0.39,0.82
0.28,-0.37,0.81
0.29,-0.32,0.76
0.30,-0.32,0.68
0.27,-0.33,0.65
0.25,-0.30,0.85
0.22,-0.39,0.85
0.20,-0.43,0.74
0.16,-0.33,0.68
0.12,-0.28,0.60
0.06,-0.34,0.50
0.02,-0.38,0.48
-0.08,-0.40,0.49
-0.17,-0.44,0.47
-0.27,-0.53,0.84
-0.25,-0.53,0.98
-0.29,-0.51,0.78
-0.55,-0.73,1.11
-0.64,-1.02,1.19
-0.82,-1.49,1.23
-1.02,-1.28,1.07
-1.27,-1.08,0.81
-1.56,-0.91,0.97
-1.93,-0.41,1.91
-1.84,-0.07,2.07
-1.69,0.21,2.05
-1.57,0.31,2.02
-1.49,0.36,1.73
-1.34,0.38,1.45
-1.17,0.42,0.89
-0.88,0.32,0.41
-0.56,0.27,0.31
-0.28,0.26,0.08
-0.14,0.40,-0.37
0.30,0.21,-0.29
0.27,0.16,-0.39
0.26,0.16,-0.46
0.26,-0.40,-0.45
0.30,-0.88,-0.63
-0.05,-1.25,-0.38
-0.27,-1.40,-0.08
-0.54,-1.68,0.06
-0.70,-1.76,0.23
-0.94,-1.81,0.76
-1.16,-1.90,1.30
-1.41,-1.78,2.13
-1.48,-1.38,2.17
-1.36,-0.40,2.03
-,-,-
0.04,-0.12,0.97
0.06,-0.20,0.99
0.05,-0.14,1.01
0.05,-0.08,0.96
0.06,-0.10,0.96
0.06,-0.09,0.99
0.06,-0.14,0.97
0.06,-0.12,0.99
0.06,-0.09,1.00
0.06,-0.12,0.99
0.06,-0.11,0.98
0.07,-0.17,0.97
0.07,-0.14,0.97
0.07,-0.08,1.00
0.06,-0.05,0.97
0.07,-0.07,1.00
0.07,-0.11,0.99
0.07,-0.11,0.97
0.06,-0.11,0.96
0.05,-0.05,1.04
0.04,-0.04,0.99
0.07,-0.04,0.92
0.03,-0.08,1.00
0.04,-0.07,1.00
0.04,-0.05,0.98
0.03,-0.04,0.94
0.03,-0.06,0.92
0.01,-0.06,0.86
0.01,-0.13,0.79
-0.05,-0.12,0.81
-0.14,-0.11,0.91
-0.13,-0.16,0.91
-0.18,-0.15,1.00
-0.23,-0.06,1.21
-0.30,0.06,1.28
-0.33,0.06,1.49
-0.41,0.06,1.79
-0.48,0.18,1.66
-0.44,0.23,1.52
-0.49,0.21,1.37
-0.53,0.54,1.12
-0.44,0.46,1.02
-0.37,0.45,1.33
-0.36,0.81,1.26
-0.28,0.89,0.92
-0.20,0.98,0.70
0.06,0.34,0.31
0.28,0.04,0.25
0.41,0.22,-0.10
0.48,0.08,-0.37
0.64,-0.02,-0.61
0.67,-0.12,-0.65
0.48,-0.64,-0.68
0.25,-0.74,-0.71
-0.12,-0.85,-0.42
-0.51,-0.96,0.03
-0.72,-0.90,0.64
-0.91,-1.09,1.02
-1.19,-0.89,1.63
-1.33,-1.06,1.61
-1.47,-1.16,1.95
-1.57,-1.26,2.36
-1.79,-0.53,2.38
-1.68,-0.01,2.04
-1.51,0.67,1.82
-1.31,0.81,1.74
-1.30,1.25,1.40
-1.11,0.98,0.78
-0.65,0.72,0.69
-0.42,0.46,0.49
-0.27,0.49,-0.04
0.06,-0.03,-0.21
-,-,-
0.23,-0.13,0.89
0.24,-0.08,0.92
0.24,-0.12,0.99
0.24,-0.13,1.02
0.23,-0.11,0.98
0.23,-0.13,0.99
0.24,-0.12,0.96
0.22,-0.08,0.87
0.23,-0.11,0.99
0.21,-0.07,1.04
0.22,-0.13,1.01
0.22,-0.09,0.98
0.22,-0.13,0.94
0.22,-0.14,0.97
0.23,-0.15,0.94
0.22,-0.06,0.95
0.23,-0.14,0.95
0.23,-0.14,0.95
0.23,-0.16,0.99
0.22,-0.09,0.95
0.22,-0.12,0.98
0.22,-0.13,0.99
0.22,-0.09,0.94
0.23,-0.08,0.89
0.23,-0.09,0.91
0.24,-0.09,0.86
0.23,-0.09,0.83
0.21,-0.02,0.81
0.21,-0.06,0.80
0.20,-0.07,0.85
0.19,-0.09,0.71
0.19,-0.11,0.63
0.15,-0.12,0.62
0.09,-0.13,0.55
0.02,-0.22,0.65
-0.08,-0.22,0.82
-0.19,-0.31,0.73
-0.33,-0.57,0.54
-0.48,-0.52,0.92
-0.66,-0.34,1.89
-0.67,-0.49,2.07
-0.87,-0.39,1.69
-0.96,-0.50,1.50
-1.15,-0.01,1.63
-1.29,0.37,1.84
-1.26,0.01,2.06
-1.20,0.15,1.96
-1.23,0.83,1.46
-1.09,1.00,1.03
-0.81,0.61,0.77
-0.53,0.38,0.77
-0.14,0.50,0.15
0.07,0.67,-0.01
0.21,0.48,0.06
0.35,0.28,0.03
0.48,0.13,-0.23
0.52,0.11,-0.72
0.60,-0.33,-0.86
0.58,-0.51,-0.96
0.40,-0.69,-1.03
0.11,-0.90,-0.71
-0.17,-1.06,-0.37
-0.69,-1.69,0.15
-1.03,-1.84,0.73
-1.36,-1.59,1.66
-1.48,-1.12,2.31
-1.47,-0.94,2.57
-1.57,-0.50,2.27
-1.54,-0.26,2.40
-1.42,0.11,2.34
-1.33,0.73,2.17
-,-,-
0.21,-0.22,0.95
0.21,-0.24,1.00
0.21,-0.26,0.95
0.21,-0.28,0.94
0.20,-0.20,0.95
0.21,-0.25,0.96
0.21,-0.25,0.93
0.21,-0.26,0.90
0.21,-0.21,0.91
0.21,-0.28,0.97
0.21,-0.27,0.96
0.20,-0.23,0.97
0.20,-0.22,0.96
0.21,-0.24,0.95
0.20,-0.21,0.94
0.21,-0.23,0.95
0.21,-0.25,0.92
0.20,-0.22,0.91
0.20,-0.22,0.94
0.20,-0.23,1.00
0.20,-0.23,0.97
0.18,-0.19,0.95
0.17,-0.13,0.95
0.16,-0.11,0.98
0.17,-0.13,0.95
0.18,-0.20,0.94
0.18,-0.23,0.88
0.19,-0.25,0.85
0.17,-0.22,0.92
0.15,-0.27,0.94
0.15,-0.27,0.91
0.15,-0.29,0.88
0.12,-0.25,0.97
0.10,-0.16,0.98
0.09,-0.18,1.00
0.07,-0.15,1.03
0.05,-0.18,1.02
0.03,-0.15,1.02
-0.02,-0.13,1.13
-0.03,-0.14,1.04
-0.03,-0.15,1.04
-0.03,-0.08,1.04
-0.01,-0.11,0.98
-0.00,-0.11,0.89
-0.01,-0.10,0.91
-0.01,-0.09,0.99
-0.02,-0.12,1.09
-0.04,-0.09,1.13
-0.04,-0.09,1.11
-0.05,-0.07,1.00
-0.07,-0.02,0.99
-0.04,-0.05,0.95
-0.02,-0.06,0.92
-0.01,-0.05,0.96
-0.02,-0.02,0.93
-0.01,-0.06,0.90
-0.03,-0.10,0.92
-0.04,-0.12,0.85
-0.05,-0.19,0.73
-0.06,-0.22,0.72
-0.13,-0.31,0.82
-0.20,-0.29,0.92
-0.26,-0.11,0.87
-0.29,-0.24,0.79
-0.33,-0.38,0.94
-0.40,-0.42,1.40
-0.57,-0.25,1.13
-0.61,-0.06,1.10
-0.64,-0.14,1.38
-0.68,-0.28,1.69
-0.77,-0.00,1.99
-1.01,0.56,1.99
-1.02,0.52,1.92
-1.07,0.56,1.66
-1.00,0.63,1.41
-0.96,0.67,1.36
-0.55,0.30,0.53
-0.21,0.16,0.21
-0.06,0.22,0.35
0.18,0.28,-0.22
0.39,0.29,-0.53
0.55,0.21,-0.89
0.51,-0.07,-0.91
0.47,-0.48,-0.36
0.42,-0.41,-0.19
0.31,-0.65,-0.39
0.15,-0.92,-0.44
-0.31,-1.02,0.35
-0.41,-1.22,0.42
-0.57,-1.52,0.24
-0.89,-1.56,0.92
-,-,-
-1.28,-1.14,1.20
-1.34,-1.36,1.85
-1.47,-1.15,2.05
-1.58,-1.03,2.12
-1.75,-0.60,2.20
-1.83,0.05,2.12
-1.77,0.37,1.91
-1.59,0.40,1.69
-1.43,0.80,1.04
-1.07,0.78,0.71
-0.75,0.51,0.50
-0.41,0.26,0.19
-0.13,0.32,-0.13
0.44,-0.09,-0.15
0.50,-0.15,0.06
0.53,-0.25,0.24
0.60,-0.52,0.37
0.60,-0.70,0.56
0.63,-0.54,0.93
0.48,-0.48,0.74
0.50,-0.39,0.64
0.51,-0.51,0.72
0.49,-0.40,0.73
0.48,-0.33,0.71
0.43,-0.26,0.81
0.41,-0.17,0.96
0.39,-0.14,0.92
-,-,-
0.21,-0.15,1.08
0.21,-0.09,1.10
0.18,-0.07,1.08
0.18,-0.06,1.02
0.17,-0.02,0.99
0.15,-0.00,1.01
0.17,-0.03,0.95
0.17,-0.10,0.93
0.17,-0.10,0.93
0.18,-0.08,0.99
0.18,-0.09,1.00
0.18,-0.10,1.00
0.18,-0.12,0.98
0.16,-0.09,0.98
0.17,-0.10,1.01
0.17,-0.10,1.01
0.16,-0.11,0.96
0.19,-0.15,0.96
0.18,-0.12,0.97
0.19,-0.13,0.98
0.19,-0.10,0.98
0.20,-0.09,0.93
0.20,-0.10,0.95
0.19,-0.11,0.99
0.21,-0.13,0.98
0.20,-0.08,0.97
0.20,-0.09,0.92
0.19,-0.05,0.94
0.19,-0.08,0.96
0.19,-0.13,0.97
0.18,-0.12,0.97
0.19,-0.11,0.98
0.18,-0.09,0.98
0.18,-0.09,1.00
0.18,-0.09,0.97
0.18,-0.09,0.97
0.17,-0.07,1.00
0.17,-0.06,1.01
0.18,-0.06,1.00
0.18,-0.07,0.99
0.19,-0.08,1.02
0.19,-0.06,1.01
0.20,-0.04,0.91
0.22,-0.05,0.91
0.21,0.02,0.92
0.22,0.03,0.94
0.22,-0.04,0.92
0.22,-0.08,0.92
0.21,-0.03,0.90
0.20,-0.01,0.83
0.18,-0.04,0.72
0.17,-0.12,0.62
0.11,-0.15,0.50
0.08,-0.22,0.50
-0.08,-0.36,0.72
-0.11,-0.38,1.22
-0.20,-0.39,1.51
-0.28,-0.50,1.70
-0.39,-0.63,1.83
-0.51,-0.41,1.78
-0.48,-0.21,2.55
-0.59,-0.03,2.69
-0.76,0.98,2.13
-0.84,1.74,1.41
-0.81,0.90,0.83
-0.59,0.31,-0.01
0.21,0.14,-0.39
0.46,-0.30,-0.50
0.67,-0.46,-0.79
0.60,-0.35,-0.74
0.45,-0.46,-0.58
-0.14,-0.55,-0.00
-0.30,-0.81,0.42
-0.50,-0.93,0.78
-0.72,-0.88,1.18
-0.75,-0.67,1.71
-0.71,-0.55,2.29
-0.63,-0.82,2.57
-0.75,-0.41,2.14
-,-,-
0.32,-0.09,0.92
0.35,-0.11,0.94
0.34,-0.08,0.97
0.34,-0.11,0.95
0.34,-0.13,0.90
0.34,-0.11,0.94
0.35,-0.11,0.95
0.34,-0.11,0.94
0.33,-0.11,0.88
0.34,-0.13,0.94
0.34,-0.11,0.95
0.34,-0.12,0.92
0.34,-0.10,0.93
0.34,-0.13,0.93
0.34,-0.12,0.91
0.34,-0.12,0.94
0.34,-0.15,0.95
0.34,-0.14,0.93
0.34,-0.16,0.90
0.34,-0.12,0.89
0.34,-0.12,0.88
0.33,-0.11,0.89
0.33,-0.09,0.85
0.32,-0.06,0.81
0.31,-0.09,0.84
0.31,-0.07,1.00
0.26,-0.06,0.93
0.25,-0.08,0.96
0.25,-0.05,1.00
0.24,-0.02,1.06
0.24,-0.02,1.04
0.22,-0.05,0.89
0.22,-0.02,0.83
0.21,-0.02,0.74
0.18,-0.09,0.57
0.14,-0.19,0.41
0.07,-0.33,0.37
-0.13,-0.45,0.69
-0.25,-0.51,1.13
-0.36,-0.60,1.59
-0.52,-0.74,1.84
-0.73,-0.52,2.02
-0.81,-0.27,2.07
-0.76,-0.20,2.05
-0.66,0.26,1.85
-0.53,1.02,2.06
-0.52,1.11,1.85
-0.54,1.02,1.20
-0.60,0.91,0.62
-0.29,0.34,0.20
-0.16,0.38,-0.21
0.08,0.01,-0.25
0.32,-0.19,-0.17
0.37,-0.15,-0.28
0.49,-0.91,-0.22
0.25,-0.56,-0.14
-0.05,-0.57,0.17
-0.21,-0.77,0.49
-0.40,-0.80,0.83
-0.59,-0.84,1.38
-0.62,-0.70,1.73
-0.60,-0.73,2.00
-0.62,-0.70,2.24
-0.63,-0.75,2.26
-0.70,-0.29,1.97
-0.68,0.11,1.82
-0.56,0.59,1.87
-0.50,0.95,1.44
-0.44,1.03,0.78
-0.09,-0.07,0.18
0.14,-0.45,0.09
0.26,-0.34,0.33
0.30,-0.24,0.43
0.36,-0.36,0.53
0.39,-0.06,1.01
0.38,-0.06,0.95
0.40,-0.22,0.88
0.39,-0.22,0.79
0.38,-0.17,0.84
0.41,-0.20,0.83
0.40,-0.16,0.93
0.41,-0.24,0.98
0.40,-0.22,0.99
-,-,-
0.35,-0.17,0.93
0.35,-0.18,0.91
0.35,-0.18,0.91
0.35,-0.19,0.92
0.36,-0.19,0.90
0.36,-0.17,0.90
0.36,-0.16,0.90
0.36,-0.17,0.90
0.35,-0.18,0.91
0.35,-0.17,0.91
0.35,-0.16,0.91
0.35,-0.15,0.93
0.35,-0.16,0.95
0.34,-0.17,0.93
0.34,-0.17,0.91
0.35,-0.17,0.92
0.35,-0.17,0.93
0.35,-0.16,0.93
0.35,-0.16,0.90
0.35,-0.16,0.91
0.35,-0.16,0.93
0.35,-0.16,0.92
0.35,-0.17,0.90
0.34,-0.17,0.87
0.35,-0.15,0.94
0.34,-0.11,0.91
0.35,-0.12,0.92
0.34,-0.15,0.96
0.34,-0.18,0.93
0.34,-0.20,0.92
0.34,-0.18,0.94
0.33,-0.15,0.94
0.32,-0.10,0.93
0.33,-0.10,0.92
0.34,-0.09,0.91
0.33,-0.11,0.88
0.32,-0.10,0.83
0.32,-0.09,0.82
0.31,-0.07,0.80
0.30,-0.04,0.83
0.27,-0.04,0.85
0.24,-0.11,0.80
0.21,-0.15,0.75
0.15,-0.15,0.69
0.12,-0.23,0.74
0.01,-0.35,0.92
-0.07,-0.52,0.93
-0.19,-0.73,1.00
-0.35,-0.85,1.07
-0.50,-0.83,1.28
-0.56,-0.66,1.96
-0.62,-0.50,2.08
-0.68,-0.15,1.78
-0.59,0.33,1.70
-0.44,0.54,1.74
-0.29,0.52,1.80
-0.38,0.62,1.58
-0.42,0.62,1.15
-0.38,0.64,0.72
-0.26,0.58,0.49
-0.09,0.51,0.04
0.05,-0.00,0.11
0.24,-0.35,0.12
0.35,-0.23,-0.07
0.46,-0.45,-0.20
0.61,-0.77,-0.06
0.39,-0.53,-0.19
0.16,-0.54,-0.02
-0.04,-0.78,0.17
-0.24,-0.97,0.49
-0.38,-1.00,0.90
-0.48,-0.98,1.16
-0.55,-0.81,1.50
-0.59,-0.64,2.07
-0.60,-0.68,2.17
-0.68,-0.89,2.08
-0.84,-0.48,1.88
-0.85,-0.34,1.83
-0.82,0.37,1.74
-0.54,0.64,1.37
-0.40,0.79,0.99
-0.29,0.63,0.48
-0.09,0.34,0.24
0.05,0.21,0.18
0.24,0.24,0.50
0.33,0.08,0.73
0.38,-0.00,0.92
0.38,0.01,0.92
0.36,0.02,0.83
0.38,-0.04,0.76
0.39,-0.04,0.73
0.43,-0.02,0.91
0.44,0.01,0.99
0.44,-0.01,0.98
0.44,-0.09,0.88
0.45,-0.10,0.86
0.45,-0.07,0.86
-,-,-
0.41,-0.07,0.91
0.41,-0.09,0.91
0.40,-0.08,0.91
0.40,-0.11,0.89
0.41,-0.12,0.89
0.41,-0.10,0.90
0.41,-0.06,0.93
0.41,-0.07,0.92
0.40,-0.07,0.89
0.39,-0.09,0.90
0.40,-0.10,0.90
0.39,-0.06,0.93
0.39,-0.07,0.93
0.39,-0.09,0.91
0.39,-0.09,0.92
0.40,-0.08,0.92
0.39,-0.07,0.91
0.39,-0.10,0.92
0.39,-0.11,0.91
0.39,-0.08,0.91
0.38,-0.07,0.91
0.39,-0.08,0.89
0.39,-0.08,0.91
0.39,-0.10,0.93
0.38,-0.07,0.91
0.38,-0.06,0.91
0.39,-0.07,0.90
0.38,-0.07,0.93
0.38,-0.09,0.92
0.38,-0.11,0.91
0.37,-0.10,0.91
0.38,-0.10,0.92
0.37,-0.06,0.91
0.37,-0.08,0.91
0.37,-0.10,0.85
0.38,-0.13,0.83
0.37,-0.12,0.85
0.37,-0.09,0.92
0.36,-0.11,0.93
0.35,-0.13,0.93
0.33,-0.08,0.88
0.32,-0.08,0.87
0.31,-0.08,0.92
0.30,-0.12,0.94
0.26,-0.15,0.87
0.24,-0.16,0.90
0.23,-0.19,0.95
0.23,-0.22,1.12
0.22,-0.19,1.36
0.21,-0.30,1.59
0.10,-0.38,1.47
0.11,0.27,1.75
0.14,0.61,2.06
0.08,0.52,1.80
-0.01,0.39,1.29
-0.04,0.42,0.98
0.07,0.58,0.19
0.16,0.51,0.01
0.30,0.43,-0.29
0.37,0.26,-0.18
0.55,0.06,-0.28
0.64,-0.32,-0.91
0.50,-0.49,-0.85
0.27,-0.41,-0.47
0.04,-0.44,-0.15
-0.24,-0.71,-0.22
-0.63,-0.89,0.06
-0.80,-1.08,0.65
-0.85,-1.31,1.46
-0.91,-1.12,1.63
-0.92,-1.00,1.83
-0.94,-1.01,1.92
-0.96,-1.07,1.91
-1.02,-0.97,1.75
-1.10,-0.74,1.75
-1.09,-0.34,1.81
-1.05,0.10,1.92
-0.99,0.40,1.68
-0.95,0.45,1.34
-0.58,0.72,1.15
-0.46,0.62,0.98
-0.35,0.43,0.78
-0.18,0.17,0.61
-0.01,0.11,0.46
0.28,-0.11,0.26
0.33,-0.11,0.19
0.44,-0.46,0.11
0.54,-0.62,-0.00
0.61,-0.79,0.10
0.66,-0.85,0.28
0.63,-0.68,0.51
0.62,-0.74,0.54
0.61,-0.76,0.55
0.59,-0.74,0.56
0.57,-0.62,0.63
0.57,-0.55,0.65
0.58,-0.59,0.66
0.57,-0.52,0.62
0.58,-0.51,0.64
-,-,-
0.59,-0.47,0.71
0.59,-0.45,0.69
0.58,-0.47,0.64
0.58,-0.42,0.63
0.59,-0.51,0.64
0.58,-0.44,0.64
0.59,-0.49,0.64
-,-,-
0.50,-0.44,0.71
0.51,-0.44,0.74
0.51,-0.43,0.75
0.51,-0.44,0.74
0.50,-0.46,0.72
0.50,-0.44,0.74
0.51,-0.46,0.76
0.50,-0.41,0.75
0.50,-0.46,0.73
0.50,-0.45,0.74
0.50,-0.45,0.74
0.50,-0.41,0.75
0.50,-0.45,0.73
0.50,-0.44,0.73
0.50,-0.44,0.73
0.50,-0.45,0.76
0.50,-0.44,0.73
0.50,-0.43,0.72
0.51,-0.44,0.75
0.50,-0.43,0.74
0.50,-0.44,0.73
0.50,-0.41,0.74
0.49,-0.42,0.75
0.50,-0.43,0.77
0.50,-0.42,0.82
0.48,-0.39,0.82
0.48,-0.34,0.78
0.48,-0.36,0.82
0.49,-0.40,0.79
0.49,-0.38,0.72
0.48,-0.35,0.67
0.48,-0.32,0.68
0.49,-0.35,0.84
0.48,-0.31,0.83
0.46,-0.31,0.81
0.45,-0.31,0.83
0.45,-0.31,0.87
0.44,-0.28,0.88
0.43,-0.29,0.85
0.43,-0.27,0.86
0.44,-0.28,0.84
0.43,-0.25,0.83
0.43,-0.25,0.81
0.43,-0.22,0.81
0.41,-0.20,0.80
0.40,-0.21,0.81
0.39,-0.18,0.81
0.36,-0.13,0.78
0.34,-0.08,0.78
0.33,-0.09,0.72
0.28,-0.24,0.56
0.22,-0.35,0.42
0.09,-0.33,0.36
-0.06,-0.33,0.33
-0.22,-0.36,0.35
-0.42,-0.36,0.52
-0.61,-0.44,1.15
-0.86,-0.67,1.80
-0.90,-0.91,2.28
-1.05,-0.74,2.33
-1.17,-0.70,2.13
-1.10,-0.46,1.88
-0.97,-0.29,1.93
-0.91,-0.13,1.86
-0.90,-0.02,1.68
-0.83,0.25,1.57
-0.78,0.55,1.41
-0.64,0.67,0.54
-0.39,0.44,0.30
-0.15,0.35,0.20
0.05,0.33,0.20
0.14,0.55,-0.22
0.30,-0.39,-0.21
0.49,-0.55,-0.32
0.56,-0.47,-0.11
0.54,-0.36,0.11
0.40,-0.79,0.02
0.28,-0.95,-0.06
0.06,-0.85,0.20
-0.11,-0.92,0.52
-0.25,-0.94,0.72
-0.43,-1.11,1.19
-0.48,-1.08,1.44
-0.54,-0.78,1.68
-0.53,-0.74,1.96
-0.55,-0.70,2.10
-0.68,-0.46,1.80
-0.70,-0.05,1.76
-0.59,-0.00,1.67
-0.51,0.19,1.36
-0.26,0.80,0.78
-0.12,0.36,0.70
-0.03,0.11,0.67
0.04,-0.13,0.59
0.13,-0.35,0.61
0.16,-0.17,0.73
0.18,-0.13,0.82
0.19,0.01,0.86
0.23,-0.09,0.96
0.26,-0.20,1.02
0.26,-0.24,0.88
0.26,-0.23,0.86
0.27,-0.20,0.91
0.27,-0.19,0.94
0.28,-0.24,0.92
0.28,-0.24,0.87
0.29,-0.27,0.90
0.30,-0.29,0.92
0.30,-0.26,0.93
0.30,-0.28,0.85
0.30,-0.30,0.83
0.29,-0.28,0.88
0.29,-0.24,0.93
0.29,-0.26,0.98
0.28,-0.26,0.93
0.28,-0.29,0.94
0.28,-0.27,0.94
0.28,-0.25,0.91
0.29,-0.30,0.87
0.30,-0.28,0.93
0.30,-0.28,0.93
-,-,-
0.29,-0.26,0.90
0.29,-0.28,0.89
-,-,-
0.27,-0.28,0.92
0.26,-0.26,0.93
0.26,-0.30,0.92
0.26,-0.30,0.93
0.26,-0.29,0.92
0.27,-0.29,0.93
0.26,-0.27,0.92
0.26,-0.30,0.90
0.26,-0.30,0.90
0.26,-0.31,0.91
0.26,-0.28,0.92
0.26,-0.29,0.92
0.26,-0.31,0.92
0.26,-0.30,0.92
0.26,-0.29,0.93
0.25,-0.27,0.92
0.26,-0.32,0.92
0.26,-0.29,0.92
0.26,-0.28,0.92
0.26,-0.28,0.92
0.26,-0.30,0.90
0.26,-0.30,0.89
0.26,-0.31,0.92
0.26,-0.29,0.92
0.26,-0.28,0.93
0.26,-0.29,0.94
0.26,-0.29,0.91
0.26,-0.29,0.90
0.26,-0.30,0.91
0.26,-0.29,0.93
0.25,-0.28,0.94
0.26,-0.29,0.92
0.26,-0.28,0.91
0.25,-0.28,0.90
0.26,-0.29,0.92
0.26,-0.29,0.93
0.26,-0.31,0.92
0.25,-0.30,0.92
0.25,-0.30,0.91
0.25,-0.29,0.92
0.25,-0.29,0.94
0.25,-0.29,0.94
0.25,-0.31,0.91
0.25,-0.30,0.89
0.25,-0.28,0.90
0.25,-0.29,0.92
0.25,-0.30,0.93
0.26,-0.28,0.96
0.26,-0.29,0.94
0.25,-0.27,0.89
0.25,-0.29,0.87
0.25,-0.29,0.90
0.25,-0.28,0.91
0.25,-0.29,0.92
0.24,-0.28,0.92
0.24,-0.30,0.93
0.24,-0.29,0.96
0.22,-0.27,0.94
0.22,-0.24,0.96
0.22,-0.25,0.96
0.22,-0.27,0.94
0.22,-0.26,0.94
0.22,-0.24,0.92
0.22,-0.23,0.92
0.21,-0.25,0.91
0.21,-0.28,0.91
0.21,-0.28,0.94
0.20,-0.27,0.92
0.20,-0.29,0.90
0.20,-0.35,0.90
0.16,-0.31,1.01
0.16,-0.29,1.14
0.19,-0.28,1.32
0.18,-0.12,1.39
0.18,-0.09,1.34
0.23,-0.20,1.43
0.22,-0.08,1.40
0.20,0.16,1.42
0.17,0.31,1.41
0.01,0.49,0.80
0.06,0.50,0.84
0.06,0.49,0.46
0.18,0.19,0.03
0.42,-0.05,-0.56
0.50,-0.09,-0.48
0.48,-0.39,-0.43
0.40,-0.75,-0.44
0.17,-0.81,-0.34
-0.41,-1.10,0.22
-0.62,-1.25,0.57
-0.79,-1.32,0.90
-0.86,-1.29,1.26
-0.95,-0.91,1.99
-0.92,-0.92,2.08
-0.99,-0.76,2.03
-1.02,-0.77,1.88
-1.04,-1.11,1.83
-1.05,-0.16,2.19
-1.04,0.19,2.08
-1.02,0.41,1.87
-0.91,0.49,1.68
-0.95,0.85,1.03
-0.60,0.54,0.90
-0.49,0.35,0.47
-0.26,0.16,0.08
-0.00,0.25,-0.19
0.40,-0.21,-0.18
0.56,-0.41,-0.25
0.64,-0.63,-0.05
0.74,-0.77,0.56
0.70,-0.62,0.51
0.69,-0.84,0.52
0.66,-0.67,0.73
0.62,-0.55,0.74
0.62,-0.60,0.71
0.60,-0.48,0.80
0.60,-0.41,0.79
0.60,-0.33,0.85
0.59,-0.36,0.76
0.59,-0.36,0.67
0.59,-0.30,0.75
0.59,-0.29,0.73
0.58,-0.26,0.72
0.60,-0.36,0.72
-,-,-
0.58,-0.31,0.74
0.57,-0.31,0.74
0.58,-0.32,0.77
0.58,-0.34,0.76
0.58,-0.34,0.73
0.58,-0.33,0.74
0.58,-0.33,0.74
0.57,-0.33,0.73
0.57,-0.32,0.73
0.58,-0.34,0.75
0.58,-0.33,0.75
0.58,-0.33,0.74
0.58,-0.33,0.73
0.58,-0.34,0.75
0.58,-0.34,0.76
0.58,-0.34,0.74
0.57,-0.34,0.71
0.57,-0.32,0.74
0.58,-0.33,0.76
0.57,-0.33,0.75
0.58,-0.35,0.75
0.57,-0.33,0.73
0.57,-0.33,0.74
0.57,-0.34,0.76
0.57,-0.33,0.76
0.56,-0.32,0.76
0.55,-0.30,0.75
0.57,-0.33,0.77
0.56,-0.33,0.75
0.56,-0.32,0.72
0.56,-0.34,0.68
0.57,-0.34,0.65
0.57,-0.34,0.72
0.57,-0.30,0.73
0.56,-0.30,0.81
0.54,-0.26,0.84
0.56,-0.33,0.77
0.55,-0.43,0.64
0.54,-0.42,0.67
0.54,-0.42,0.76
0.52,-0.42,0.87
0.51,-0.39,0.65
0.86,0.08,0.63
0.34,-0.23,0.92
0.52,-0.22,0.88
0.44,-0.27,0.86
0.47,-0.39,0.91
0.46,-0.33,0.74
0.42,-0.29,0.82
0.39,-0.21,0.82
0.42,-0.04,0.92
0.51,0.01,0.84
0.53,-0.12,0.83
0.41,-0.03,0.79
0.37,-0.01,0.68
0.34,-0.07,0.97
0.38,0.18,1.03
0.33,0.50,1.09
0.16,0.35,1.15
0.15,0.06,0.94
0.28,-0.13,0.78
0.24,-0.33,0.86
0.22,-0.13,0.91
0.22,-0.24,1.08
0.19,-0.32,1.22
0.23,-0.02,1.03
0.22,-0.01,0.99
0.17,-0.00,0.83
0.16,-0.18,0.73
0.08,-0.14,0.73
-0.06,-0.22,0.97
-0.08,-0.30,1.01
-0.03,-0.43,1.10
-0.13,-0.25,1.19
-0.23,-0.18,1.27
-0.30,0.01,1.54
-0.15,-0.16,1.51
-0.22,0.03,1.25
-0.22,0.14,1.04
-0.12,-0.23,0.66
-0.13,-0.00,0.72
-0.14,0.00,0.91
-0.10,-0.26,0.94
-0.15,-0.21,0.94
-0.23,-0.02,1.13
-0.20,-0.03,1.32
-0.18,-0.15,1.32
-0.15,-0.15,1.44
-0.16,-0.11,1.45
-0.11,0.19,1.39
-0.13,0.33,1.47
-0.17,0.48,1.43
-0.15,0.62,1.14
-0.02,0.77,0.76
-0.07,0.79,0.60
-0.03,0.71,0.34
0.08,0.28,-0.04
0.26,0.06,-0.53
0.17,0.10,-0.57
0.06,-0.29,-0.53
-0.15,-0.47,-0.56
-0.32,-0.64,-0.45
-0.62,-0.75,-0.03
-1.03,-1.21,0.80
-1.29,-0.99,1.07
-1.35,-0.97,1.50
-1.18,-1.50,1.71
-1.43,-1.54,1.55
-1.86,-0.83,1.59
-2.03,-0.24,1.93
-1.82,-0.83,2.18
-1.77,0.27,2.39
-1.59,0.14,2.61
-1.57,-0.15,1.71
-1.51,0.01,1.41
-1.42,0.51,1.17
-1.27,0.66,0.93
-0.68,0.37,0.44
-0.54,0.35,0.21
-0.32,0.34,-0.08
-0.17,0.40,-0.10
0.07,0.12,-0.31
-,-,-
0.13,-0.30,-0.40
0.03,-0.55,0.02
0.08,-0.99,0.48
-0.04,-0.86,1.62
0.02,-0.80,1.34
0.05,-0.76,1.10
0.07,-0.59,1.08
0.06,-0.38,0.91
0.06,-0.24,0.93
-0.02,-0.17,1.16
-0.08,-0.07,1.30
-0.09,0.02,1.17
-0.10,0.06,1.17
-0.08,0.06,1.21
-0.12,0.09,1.24
-0.14,0.11,1.11
-0.13,0.05,1.03
-,-,-
0.02,-0.02,1.06
0.02,-0.04,1.07
0.02,-0.06,1.00
0.02,-0.06,1.00
0.02,-0.05,1.01
0.01,-0.02,0.99
0.02,-0.07,1.00
0.03,-0.07,1.01
0.02,-0.07,1.02
0.03,-0.08,0.98
0.02,-0.07,0.99
0.02,-0.04,0.99
0.02,-0.05,0.99
0.03,-0.09,0.97
0.02,-0.10,0.96
0.03,-0.12,0.99
0.02,-0.07,1.03
0.02,-0.08,1.00
0.03,-0.12,0.98
0.03,-0.10,0.97
0.02,-0.06,0.96
0.02,-0.06,1.00
0.02,-0.05,1.02
0.03,-0.13,0.99
0.02,-0.10,0.97
0.02,-0.10,0.97
0.01,-0.07,1.02
0.02,-0.07,1.00
0.01,-0.08,1.01
0.01,-0.09,0.99
0.01,-0.09,1.00
0.01,-0.06,1.00
-0.00,-0.03,0.99
0.00,-0.05,0.99
0.01,-0.07,0.99
0.00,-0.06,0.99
-0.01,-0.04,1.00
0.00,-0.09,0.96
0.01,-0.11,0.96
-0.01,-0.05,1.00
-0.02,-0.01,0.95
-0.01,-0.06,0.89
-0.04,-0.07,0.83
-0.03,-0.13,0.83
-0.04,-0.14,0.93
-0.04,-0.19,0.99
-0.09,-0.27,1.05
-0.10,-0.34,1.26
-0.12,-0.42,1.40
-0.11,-0.51,1.58
-0.14,-0.51,1.89
-0.31,0.25,1.81
-0.40,0.37,1.85
-0.31,0.11,1.81
-0.33,0.04,1.67
-0.35,0.14,1.33
-0.27,0.54,0.50
-0.15,0.74,0.48
-0.13,0.84,0.43
-0.13,0.83,0.15
0.06,0.37,-0.30
0.10,0.30,-0.59
0.16,-0.06,-0.57
0.10,-0.23,-0.48
-0.01,-0.47,-0.55
-0.51,-0.95,0.29
-0.73,-0.68,0.92
-0.85,-0.99,0.86
-1.02,-1.07,1.24
-1.04,-0.99,2.06
-0.79,-0.76,2.50
-0.65,-1.04,2.53
-0.79,-0.65,2.41
-0.95,-0.59,1.64
-0.99,-0.67,1.52
-1.12,0.15,2.13
-1.26,1.17,2.16
-1.10,1.37,1.69
-0.95,0.78,1.22
-0.58,-0.01,0.73
-0.37,-0.19,0.74
-0.33,0.04,0.56
-0.24,0.08,0.22
-0.07,0.09,0.13
0.15,-0.30,0.34
0.29,-0.67,0.25
0.36,-0.76,0.10
0.42,-0.71,0.50
0.40,-0.48,0.87
0.37,-0.34,0.82
0.41,-0.40,0.87
0.40,-0.42,0.84
-,-,-
0.21,-0.15,0.92
0.20,-0.11,0.96
0.22,-0.15,0.98
0.19,-0.10,0.97
0.20,-0.13,0.97
0.19,-0.14,0.96
0.21,-0.18,0.95
0.19,-0.16,0.92
0.18,-0.14,0.94
0.20,-0.19,0.97
0.18,-0.09,1.03
0.19,-0.14,0.98
0.19,-0.15,0.96
0.19,-0.16,0.96
0.19,-0.15,0.98
0.19,-0.13,0.99
0.19,-0.15,0.95
0.18,-0.14,0.93
0.18,-0.15,0.96
0.18,-0.13,1.03
0.17,-0.12,0.99
0.18,-0.15,0.92
0.18,-0.15,0.91
0.17,-0.15,0.91
0.16,-0.10,0.95
0.17,-0.13,0.96
0.16,-0.12,0.96
0.13,-0.07,0.98
0.13,-0.11,0.96
0.13,-0.09,0.96
0.13,-0.14,0.95
0.13,-0.15,0.97
0.11,-0.09,1.02
0.10,-0.02,1.06
0.10,-0.03,1.03
0.10,-0.05,0.99
0.10,-0.03,0.99
0.09,0.04,1.03
0.08,0.01,1.01
0.10,-0.02,1.00
0.07,0.02,0.93
0.07,0.06,0.95
0.05,0.08,0.96
0.05,0.08,0.88
0.04,0.10,0.83
0.05,0.03,0.82
0.03,0.02,0.79
-0.02,0.06,0.85
-0.09,0.02,0.66
-0.14,-0.07,0.45
-0.23,-0.13,0.38
-0.29,-0.23,0.73
-0.36,-0.68,1.22
-0.47,-0.70,1.66
-0.63,-0.80,1.84
-0.84,-0.83,1.85
-0.99,-0.77,2.16
-1.08,1.38,2.39
-0.83,0.57,2.82
-1.07,0.12,2.46
-1.20,-0.01,1.55
-0.87,0.69,0.52
-0.54,0.70,0.69
-0.60,0.98,0.64
-0.56,0.92,0.25
-0.47,0.78,-0.08
-0.14,0.31,-0.08
-0.09,0.31,0.04
-0.05,0.17,0.02
-0.13,-0.15,-0.03
-0.04,-0.27,-0.66
-0.10,-1.32,-0.14
-0.32,-0.96,0.40
-0.48,-1.22,0.54
-0.83,-0.93,0.77
-0.92,-1.21,1.02
-0.70,-1.11,2.68
-0.66,-1.34,2.17
-0.77,-1.17,2.17
-0.96,-0.46,2.33
-0.91,-0.22,2.33
-0.87,0.08,2.55
-1.07,1.09,2.41
-1.18,1.46,1.53
-0.97,0.88,0.94
-0.39,-0.04,0.72
-0.26,-0.16,0.62
-0.16,-0.16,0.32
-0.09,0.03,0.23
0.17,-0.23,0.61
-,-,-
0.26,-0.36,0.49
0.26,-0.26,0.60
0.26,-0.22,0.67
0.30,-0.23,0.89
0.33,-0.38,0.71
0.30,-0.22,0.77
0.28,-0.23,0.85
0.31,-0.30,0.88
0.32,-0.29,1.05
0.25,-0.08,1.08
0.27,-0.16,0.94
0.29,-0.21,0.87
0.27,-0.20,0.95
0.27,-0.18,1.05
0.26,-0.17,0.99
0.26,-0.18,0.96
-,-,-
0.18,-0.15,0.96
0.17,-0.11,0.91
0.17,-0.09,0.96
0.17,-0.07,1.00
0.17,-0.09,0.99
0.16,-0.07,1.00
0.17,-0.12,0.96
0.17,-0.13,0.96
0.16,-0.12,0.97
0.16,-0.10,1.01
0.16,-0.12,0.98
0.17,-0.12,0.96
0.15,-0.08,0.95
0.16,-0.11,0.96
0.15,-0.07,0.98
0.17,-0.12,1.00
0.15,-0.10,0.98
0.15,-0.10,0.96
0.16,-0.11,0.97
0.16,-0.11,0.99
0.15,-0.08,1.00
0.15,-0.11,0.99
0.15,-0.13,0.96
0.14,-0.11,0.94
0.14,-0.12,0.94
0.12,-0.05,0.94
0.10,0.01,0.94
0.08,0.03,0.91
0.07,0.03,0.88
0.05,0.02,0.86
0.03,0.02,0.94
0.01,0.02,0.87
-0.05,0.10,0.80
-0.06,0.04,0.76
-0.15,0.11,0.78
-0.25,0.19,0.52
-0.34,0.09,0.44
-0.33,0.07,0.81
-0.34,0.08,0.89
-0.54,0.04,0.95
-0.57,-0.03,0.96
-0.56,-0.17,1.41
-0.70,0.18,1.69
-0.76,-0.39,1.07
-0.88,0.05,1.76
-1.20,-0.22,2.26
-1.43,1.87,2.02
-1.35,1.72,0.93
-0.57,-0.31,2.40
-0.99,-0.04,2.40
-1.46,0.81,1.22
-1.33,1.29,0.61
-0.97,0.73,0.41
-0.43,0.64,0.61
-0.48,0.94,0.14
-0.39,0.84,-0.34
-0.18,0.55,-0.40
-0.11,0.17,-0.47
-0.05,-0.09,-0.91
-0.07,-0.44,-0.95
-0.21,-0.71,-0.34
-0.26,-0.93,0.17
-0.51,-1.05,0.51
-0.72,-1.16,0.91
-0.67,-1.51,1.56
-0.59,-0.98,2.43
-0.32,-1.05,1.80
-0.32,-1.21,1.81
-0.56,-0.67,1.98
-0.67,-0.54,1.85
-0.73,-0.33,1.88
-0.69,-0.10,2.31
-0.85,0.74,2.54
-0.95,1.29,1.53
-0.83,1.20,1.10
-0.61,0.72,0.92
-0.23,-0.07,0.47
-0.17,-0.00,0.23
-0.01,-0.24,0.12
0.13,-0.36,0.14
0.38,-0.70,0.73
0.31,-0.47,0.70
0.27,-0.33,0.70
0.29,-0.35,0.78
0.33,-0.41,0.81
0.31,-0.14,1.00
0.39,-0.37,0.91
0.37,-0.29,0.73
0.33,-0.18,0.90
0.35,-0.27,0.89
0.34,-0.28,1.02
0.35,-0.30,0.98
0.32,-0.24,0.89
-,-,-
0.23,-0.13,0.97
0.24,-0.18,0.99
0.23,-0.15,0.97
0.23,-0.17,0.98
0.23,-0.16,0.94
0.22,-0.14,0.95
0.24,-0.20,0.94
0.23,-0.19,0.93
0.23,-0.19,0.93
0.23,-0.18,0.93
0.22,-0.13,0.96
0.23,-0.15,1.01
0.23,-0.18,0.97
0.22,-0.16,0.92
0.23,-0.18,0.90
0.23,-0.18,0.93
0.23,-0.18,0.97
0.22,-0.16,0.96
0.22,-0.17,0.94
0.22,-0.18,0.94
0.21,-0.14,0.95
0.23,-0.18,0.96
0.22,-0.16,1.01
0.21,-0.14,1.06
0.21,-0.13,1.00
0.20,-0.11,0.96
0.20,-0.13,0.95
0.21,-0.13,0.98
0.21,-0.14,1.01
0.22,-0.15,0.98
0.21,-0.08,0.99
0.22,-0.07,0.96
0.21,-0.04,0.99
0.23,-0.08,1.04
0.24,-0.07,1.00
0.23,-0.02,0.90
0.22,0.01,0.82
0.21,0.04,0.79
0.21,0.11,0.80
0.24,-0.00,0.77
0.16,-0.02,0.46
0.14,-0.07,0.58
0.10,0.06,0.72
0.06,0.03,0.74
-0.11,0.03,0.59
-0.18,-0.04,0.64
-0.23,-0.11,0.80
-0.25,-0.26,1.03
-0.33,-0.25,1.34
-0.52,-0.48,1.25
-0.63,-0.76,1.54
-0.86,-0.87,2.06
-1.04,-0.79,2.14
-1.25,0.27,2.45
-1.05,1.14,2.62
-0.83,0.43,2.58
-0.88,0.34,2.35
-0.93,0.17,1.99
-0.98,0.57,1.25
-0.95,1.10,0.87
-0.76,0.86,0.71
-0.66,0.46,0.78
-0.61,0.37,0.45
-0.41,-0.04,-0.67
-0.14,-0.46,-0.97
0.04,-0.78,-0.84
0.06,-0.87,-0.95
-0.52,-1.39,-0.97
-0.97,-1.24,-0.14
-1.07,-1.65,0.59
-0.98,-1.67,1.48
-0.91,-1.55,2.06
-0.85,-1.08,2.53
-0.84,-1.05,2.56
-0.94,-0.80,2.42
-1.04,-0.42,2.34
-1.22,1.25,2.25
-0.73,0.85,1.25
-0.47,0.22,0.65
-0.22,-0.14,0.44
-0.21,-0.12,0.55
-0.15,-0.27,0.42
-0.04,-0.44,0.66
-0.01,-0.35,0.77
-,-,-
0.11,-0.48,0.86
0.11,-0.48,0.84
0.13,-0.51,0.85
0.14,-0.51,0.83
0.12,-0.47,0.84
0.13,-0.48,0.81
0.14,-0.52,0.84
0.15,-0.54,0.84
0.14,-0.56,0.83
0.15,-0.55,0.81
0.13,-0.48,0.79
0.14,-0.45,0.80
0.10,-0.37,0.93
0.10,-0.38,1.05
0.09,-0.37,1.07
0.10,-0.48,0.91
0.12,-0.50,0.82
0.13,-0.47,0.87
0.11,-0.37,0.91
0.09,-0.29,0.97
0.08,-0.29,0.97
0.11,-0.31,0.97
0.09,-0.21,0.98
0.08,-0.16,0.92
0.05,-0.04,0.92
0.05,-0.01,0.92
0.02,0.15,0.98
0.01,0.15,0.99
0.07,-0.08,1.00
0.08,-0.04,0.95
0.03,0.05,0.87
-0.00,-0.05,0.69
-0.05,-0.07,0.74
-0.08,-0.16,0.75
-0.07,-0.43,0.75
-0.13,-0.57,0.66
-0.54,-0.40,0.50
-0.67,-0.76,0.85
-0.80,-0.91,1.24
-0.98,-1.00,1.88
-1.38,-0.62,1.81
-1.46,0.15,2.23
-1.43,-0.05,3.02
-1.47,-0.11,2.35
-1.49,-0.20,1.67
-1.18,0.17,1.49
-1.24,0.41,1.57
-1.30,0.94,1.13
-1.09,0.96,0.45
-0.77,0.61,0.25
-0.42,0.63,-0.03
-0.38,0.78,-0.37
-0.17,0.50,-0.78
0.18,0.56,-1.15
-0.16,-0.54,-1.02
-0.34,-0.80,-0.77
-0.56,-1.07,-0.29
-0.76,-1.30,0.42
-0.90,-1.29,0.67
-0.94,-1.60,1.01
-1.09,-1.57,1.73
-1.03,-1.05,2.09
-0.81,-1.39,2.09
-0.93,-1.47,1.47
-1.18,-0.99,1.66
-1.32,-0.53,1.91
-1.23,-0.05,2.23
-1.13,0.63,2.36
-0.95,0.17,1.46
-0.77,-0.03,1.15
-0.67,0.04,0.99
-0.51,0.21,0.61
-0.20,0.14,0.18
-0.02,-0.00,0.18
0.09,-0.22,0.20
0.20,-0.51,0.25
0.18,-0.36,0.41
-,-,-
0.19,-0.32,0.96
0.18,-0.31,0.94
0.18,-0.30,0.94
0.19,-0.32,0.96
0.19,-0.32,0.93
0.19,-0.31,0.91
0.18,-0.29,0.93
0.17,-0.29,0.91
0.18,-0.33,0.93
0.17,-0.30,0.92
0.17,-0.30,0.94
0.19,-0.34,0.92
0.18,-0.31,0.95
0.18,-0.31,0.93
0.17,-0.28,0.96
0.18,-0.31,0.93
0.18,-0.31,0.92
0.18,-0.29,0.92
0.18,-0.31,0.89
0.18,-0.32,0.92
0.17,-0.29,0.91
0.16,-0.26,0.90
0.18,-0.31,0.97
0.17,-0.28,0.98
0.17,-0.26,0.90
0.16,-0.23,0.84
0.14,-0.17,0.80
0.14,-0.21,0.62
0.11,-0.27,0.57
0.03,-0.25,0.84
-0.07,-0.10,1.08
-0.09,0.06,1.00
-0.08,-0.07,0.82
-0.12,-0.15,0.68
-0.17,-0.15,0.69
-0.29,-0.16,1.09
-0.33,-0.19,1.15
-0.37,-0.21,1.24
-0.39,-0.36,1.51
-0.37,-0.71,1.57
-0.66,0.32,1.95
-0.64,0.27,1.86
-0.62,-0.04,1.90
-0.64,0.01,1.86
-0.70,0.79,1.36
-0.47,0.46,1.22
-0.40,0.66,1.08
-0.40,0.91,0.79
-0.16,0.77,0.21
-0.07,0.77,0.08
0.01,0.61,-0.15
0.08,0.45,-0.33
0.17,0.31,-0.50
0.08,0.54,-0.63
-0.35,0.21,-0.57
-0.47,-0.47,-0.41
-0.54,-1.06,0.05
-0.59,-1.40,0.64
-0.77,-1.55,0.84
-0.82,-1.72,0.90
-0.88,-1.83,1.23
-0.99,-1.75,1.41
-0.98,-1.53,1.36
-1.31,-0.39,1.74
-1.21,-0.89,1.64
-1.37,-0.79,1.69
-1.64,0.54,2.24
-1.35,0.15,2.08
-1.21,-0.17,1.82
-1.21,-0.06,1.43
-1.12,0.36,1.08
-0.85,0.36,1.00
-0.59,0.51,0.88
-0.57,0.78,0.69
-0.45,0.60,0.28
0.07,0.02,-0.17
0.14,-0.02,-0.44
-,-,-
0.23,0.01,0.98
0.22,0.00,0.97
0.21,0.05,0.99
0.22,0.02,0.99
0.23,0.03,0.94
0.23,0.03,0.93
0.22,0.01,0.94
0.21,0.03,0.99
0.21,0.00,0.99
0.21,0.01,0.94
0.21,0.02,0.97
0.20,0.04,0.94
0.20,0.01,0.96
0.21,0.05,0.99
0.22,0.01,0.97
0.21,0.05,0.96
0.21,0.01,1.00
0.21,0.01,0.95
0.21,-0.00,0.98
0.21,-0.00,0.96
0.20,0.02,0.98
0.20,0.07,0.94
0.19,0.11,0.97
0.19,0.13,0.98
0.16,0.19,0.92
0.09,0.44,0.85
0.07,0.41,0.77
0.05,0.31,0.67
0.06,-0.08,0.66
0.04,-0.14,0.70
0.02,-0.53,1.01
-0.06,-0.53,0.92
-0.06,-0.57,0.94
0.02,-1.02,1.33
-0.36,-0.97,1.91
-0.80,0.23,2.00
-0.77,0.54,2.34
-0.66,0.15,2.39
-0.67,0.29,1.81
-0.56,0.85,0.96
-0.24,0.92,0.66
-0.19,1.06,0.66
-0.28,0.99,0.21
-0.10,0.95,-0.23
0.07,0.77,-0.31
0.09,0.75,-0.29
0.08,0.72,-0.32
0.06,0.55,-0.55
0.02,0.09,-0.87
-0.36,-0.40,-0.90
-0.68,-0.88,-0.69
-0.95,-1.51,0.15
-1.07,-1.59,0.89
-1.04,-1.40,1.31
-1.12,-1.66,1.60
-1.03,-1.47,1.84
-0.92,-1.72,1.76
-0.99,-1.65,1.46
-1.16,-0.98,1.17
-1.25,-1.08,1.56
-1.52,-0.49,2.05
-1.82,0.24,2.93
-1.35,-0.24,1.43
-1.06,-0.25,1.46
-1.19,-0.26,1.55
-1.21,-0.09,1.13
-1.00,0.69,0.92
-0.38,0.69,0.64
-0.36,0.48,0.67
-0.38,0.39,0.35
-0.16,0.38,-0.08
0.07,0.60,-0.11
0.24,0.07,-0.40
0.24,-0.49,-0.58
0.43,-0.98,-0.51
0.47,-1.34,0.15
0.41,-1.04,1.21
0.49,-0.95,0.90
0.56,-0.90,0.61
0.60,-0.72,0.68
0.57,-0.57,0.79
0.58,-0.54,0.83
0.58,-0.52,0.76
-,-,-
-0.01,0.07,1.02
-0.03,0.07,1.00
-0.01,0.01,0.93
-0.06,0.05,0.96
-0.05,-0.01,1.01
-0.03,0.01,1.03
-0.01,0.01,1.00
-0.05,-0.03,0.99
-0.03,0.01,1.01
-0.03,-0.00,1.01
-0.03,-0.02,1.01
0.00,-0.00,1.01
0.01,0.02,0.98
0.00,-0.02,0.96
0.00,-0.03,0.96
0.01,-0.00,0.99
-0.01,-0.00,1.02
-0.02,-0.05,1.01
-0.02,-0.07,1.00
-0.01,-0.04,1.00
-0.00,-0.03,0.98
0.02,0.03,1.01
-0.02,0.02,1.06
-0.01,0.02,1.02
0.01,0.00,0.96
0.02,-0.01,0.96
0.02,0.06,0.99
0.00,0.04,0.98
0.01,0.08,0.95
0.00,0.10,0.96
0.01,0.12,1.03
0.02,0.11,0.92
0.04,0.10,0.94
0.01,0.04,0.97
0.02,0.04,0.96
0.03,0.09,0.91
0.03,0.01,0.89
0.02,-0.02,0.82
-0.01,-0.05,0.79
-0.06,-0.06,0.82
-0.13,-0.13,0.86
-0.23,-0.09,0.89
-0.44,-0.07,1.06
-0.60,-0.08,1.36
-0.76,-0.01,1.62
-1.03,0.30,1.94
-1.14,0.71,2.05
-1.21,1.09,1.93
-1.04,1.20,1.22
-0.79,1.18,0.73
-0.11,1.03,-0.17
0.16,0.84,-0.37
0.35,0.42,-0.37
0.54,0.01,-0.18
0.70,-0.09,-0.18
0.78,-0.38,-0.08
0.68,-0.62,-0.23
0.52,-0.92,-0.27
0.17,-0.97,-0.29
-0.71,-1.01,-0.06
-1.25,-0.81,0.23
-1.63,-0.62,0.93
-1.63,-0.70,1.34
-2.06,-0.80,1.98
-2.19,-0.57,2.22
-2.39,-0.43,2.32
-2.40,-0.10,1.91
-2.12,0.68,1.36
-2.08,1.23,1.31
-1.87,1.54,1.14
-1.41,1.16,-0.14
-0.58,0.84,-0.83
0.31,0.90,-0.48
0.34,0.63,-0.22
0.37,0.09,0.02
-,-,-
0.26,-0.13,0.94
0.26,-0.16,0.96
0.27,-0.15,0.92
0.26,-0.13,0.94
0.25,-0.11,0.97
0.25,-0.12,0.93
0.24,-0.14,0.95
0.24,-0.13,0.98
0.24,-0.14,0.94
0.24,-0.14,0.96
0.24,-0.14,0.97
0.25,-0.11,0.96
0.23,-0.15,0.95
0.24,-0.15,0.98
0.24,-0.15,0.94
0.25,-0.14,0.95
0.24,-0.14,0.97
0.24,-0.12,0.95
0.24,-0.14,0.95
0.24,-0.17,0.95
0.23,-0.15,0.95
0.24,-0.13,0.97
0.24,-0.15,0.95
0.23,-0.16,0.91
0.27,-0.11,0.88
0.25,-0.13,0.86
0.26,-0.06,0.84
0.27,0.00,0.79
0.27,0.07,0.66
0.18,-0.17,0.71
0.15,-0.22,0.64
0.08,-0.22,0.59
-0.02,-0.18,0.46
-0.39,-0.28,0.62
-0.59,-0.27,0.82
-0.72,-0.27,0.98
-0.86,-0.27,0.99
-1.00,-0.32,1.17
-1.46,-0.45,1.57
-1.61,-0.41,1.65
-1.69,-0.36,1.50
-1.72,-0.07,1.34
-1.79,0.76,1.13
-1.74,1.71,1.84
-1.66,1.64,1.09
-1.41,1.18,0.43
-1.05,0.63,0.03
-0.61,0.45,-0.47
0.13,0.73,-0.78
0.21,0.27,-0.69
0.24,-0.46,-0.15
0.31,-0.81,0.29
0.45,-0.94,0.11
0.33,-1.27,0.31
0.20,-1.50,0.35
-0.05,-1.31,0.25
-0.71,-0.75,0.39
-0.96,-0.69,0.53
-1.28,-0.74,1.20
-1.44,-0.79,1.73
-1.53,-0.63,1.79
-1.84,-0.51,2.41
-1.85,-0.23,2.14
-1.81,0.10,1.80
-1.69,0.43,1.69
-0.97,0.83,0.34
-,-,-
0.22,-0.27,0.93
0.22,-0.25,0.94
0.22,-0.22,0.90
0.21,-0.22,0.95
0.19,-0.21,0.95
0.18,-0.23,1.00
0.20,-0.26,0.94
0.20,-0.24,0.96
0.22,-0.25,0.91
0.22,-0.23,0.90
0.20,-0.19,0.94
0.19,-0.19,0.95
0.15,-0.21,1.03
0.17,-0.22,0.97
0.19,-0.23,0.93
0.19,-0.24,0.95
0.19,-0.21,0.94
0.18,-0.23,0.97
0.20,-0.24,0.94
0.20,-0.23,0.92
0.20,-0.25,0.94
0.20,-0.22,0.96
0.20,-0.23,0.94
0.19,-0.26,0.92
0.21,-0.27,0.94
0.19,-0.45,0.97
0.13,-0.47,1.11
0.05,-0.37,1.32
0.02,-0.12,1.21
0.04,0.06,1.23
0.12,0.13,1.10
0.21,0.13,0.93
0.28,0.19,0.86
0.34,0.22,0.80
0.40,0.19,0.70
0.48,0.02,0.67
0.51,-0.06,0.66
0.52,-0.09,0.66
0.51,-0.08,0.69
0.41,-0.01,0.83
0.43,-0.06,0.76
0.47,-0.03,0.65
0.48,-0.19,0.68
0.42,-0.34,0.74
0.32,0.21,0.59
0.30,-0.13,0.64
0.27,-0.49,0.82
0.09,-0.36,0.81
0.00,0.07,0.83
-0.10,-0.28,0.97
-0.29,-0.33,1.14
-0.41,-0.01,1.49
-0.41,0.19,1.26
-0.33,0.08,0.90
-0.27,-0.14,0.82
-0.24,-0.12,0.66
-0.36,-0.04,0.98
-0.43,0.09,1.10
-0.37,-0.05,0.68
-0.43,-0.08,0.74
-0.54,0.01,0.90
-0.61,0.11,0.90
-0.62,0.12,0.78
-0.74,0.04,0.86
-0.79,0.09,0.86
-0.81,0.14,0.80
-0.81,0.10,0.82
-0.82,-0.11,0.76
-0.84,-0.16,0.76
-0.88,-0.09,0.71
-0.88,0.02,0.61
-0.87,0.07,0.54
-0.94,-0.38,0.75
-0.99,-0.42,0.67
-1.02,-0.26,0.59
-1.07,-0.23,0.68
-1.16,-0.36,0.78
-1.17,-0.37,0.82
-1.16,-0.22,0.98
-1.12,-0.16,0.94
-1.07,-0.09,0.98
-0.87,-0.00,0.87
-0.79,-0.00,0.83
-0.72,0.05,1.07
-0.63,0.15,0.89
-0.56,0.29,0.89
-0.30,0.25,0.71
-0.15,0.13,0.56
-0.04,0.05,0.50
0.03,0.04,0.63
0.09,0.04,0.64
0.21,-0.02,0.66
0.29,-0.03,0.71
0.31,-0.04,0.72
0.32,-0.16,0.70
0.33,-0.37,0.82
-,-,-
0.43,-0.45,0.78
0.43,-0.44,0.78
0.43,-0.44,0.76
0.40,-0.42,0.82
0.42,-0.44,0.80
0.41,-0.44,0.81
0.42,-0.46,0.79
0.42,-0.44,0.79
0.43,-0.44,0.78
0.42,-0.42,0.80
0.42,-0.41,0.78
0.40,-0.43,0.82
0.42,-0.44,0.79
0.42,-0.44,0.78
0.41,-0.43,0.80
0.41,-0.43,0.80
0.41,-0.42,0.81
0.42,-0.44,0.79
0.42,-0.45,0.79
0.41,-0.43,0.80
0.42,-0.43,0.80
0.41,-0.45,0.78
0.43,-0.45,0.79
0.40,-0.45,0.81
0.41,-0.42,0.82
0.42,-0.44,0.79
0.42,-0.44,0.79
0.42,-0.44,0.80
0.41,-0.42,0.79
0.42,-0.42,0.79
0.42,-0.43,0.81
0.42,-0.43,0.80
0.41,-0.41,0.81
0.41,-0.42,0.81
0.41,-0.42,0.79
0.42,-0.43,0.79
0.41,-0.44,0.80
0.41,-0.44,0.80
0.42,-0.44,0.79
0.42,-0.43,0.80
0.41,-0.45,0.81
0.40,-0.44,0.83
0.41,-0.47,0.83
0.40,-0.44,0.84
0.37,-0.40,0.91
0.34,-0.29,0.94
0.28,0.04,0.98
0.32,0.44,0.72
0.45,0.35,0.45
0.82,-0.04,-0.19
0.51,-1.26,-1.47
-0.80,-1.46,-1.11
-1.61,-0.89,-0.50
-2.11,-0.39,-0.05
-2.58,-0.63,3.40
-3.19,-0.89,3.37
-3.11,-0.72,2.12
-3.11,-0.50,1.83
-3.06,0.18,2.15
-3.02,1.29,1.47
-2.08,2.14,-0.83
-0.65,2.12,-2.63
-0.33,1.19,-1.66
-0.54,-0.04,-0.39
-0.22,-0.71,0.23
0.95,-1.41,-0.34
0.65,-2.01,0.70
0.20,-1.20,1.39
-0.03,-0.32,1.39
0.05,-0.06,1.26
0.12,-0.47,1.12
0.20,-0.52,1.02
0.25,-0.31,0.84
0.15,-0.23,1.09
0.17,-0.27,1.08
0.22,-0.31,1.00
0.27,-0.22,0.80
0.25,-0.18,0.83
0.20,-0.28,1.03
-,-,-
0.20,-0.17,0.98
0.20,-0.19,0.97
0.20,-0.18,0.95
0.20,-0.18,0.95
0.19,-0.18,0.98
0.21,-0.18,0.95
0.21,-0.19,0.95
0.20,-0.16,0.96
0.20,-0.16,0.95
0.20,-0.16,0.97
0.20,-0.16,0.96
0.20,-0.16,0.98
0.21,-0.18,0.95
0.21,-0.19,0.95
0.20,-0.17,0.97
0.20,-0.18,0.96
0.21,-0.17,0.94
0.20,-0.17,0.96
0.19,-0.17,0.97
0.19,-0.17,0.98
0.20,-0.16,0.98
0.20,-0.16,0.95
0.21,-0.17,0.95
0.21,-0.17,0.95
0.21,-0.16,0.96
0.21,-0.16,0.97
0.21,-0.16,0.96
0.21,-0.15,0.94
0.21,-0.15,0.96
0.20,-0.16,0.97
0.21,-0.16,0.97
0.22,-0.22,0.93
0.24,-0.25,0.92
0.25,-0.29,0.91
0.25,-0.31,0.88
0.21,-0.29,0.97
0.06,0.01,1.18
0.08,0.18,1.14
0.13,0.21,1.04
0.17,0.18,0.98
0.20,0.15,0.96
0.29,0.08,0.79
0.34,0.04,0.76
0.37,0.05,0.69
0.39,0.18,0.63
0.37,0.14,0.62
0.31,-0.02,0.56
0.24,0.07,0.47
0.10,-0.06,0.56
-0.08,-0.12,0.82
-0.15,-0.25,0.82
-0.25,-0.38,0.68
-0.40,-0.50,0.74
-0.59,-0.38,0.90
-0.72,-0.17,1.03
-0.84,0.01,1.00
-0.88,-0.08,0.92
-0.90,-0.22,0.92
-0.93,-0.26,0.94
-0.98,-0.31,1.02
-1.03,-0.31,1.08
-1.08,-0.15,0.87
-1.05,-0.10,0.83
-1.03,-0.07,0.81
-1.07,-0.14,0.98
-1.14,-0.15,1.05
-1.05,-0.00,0.90
-0.94,0.05,0.81
-0.88,0.00,0.88
-0.84,-0.04,0.89
-0.72,0.25,0.99
-0.62,0.39,0.83
-0.50,0.50,0.86
-0.37,0.49,0.77
-0.24,0.41,0.65
-0.05,0.17,0.64
0.03,0.05,0.59
0.07,-0.00,0.72
0.09,0.05,0.85
0.08,0.12,0.90
0.13,-0.05,0.79
-,-,-
0.23,-0.39,0.87
0.23,-0.39,0.90
0.23,-0.37,0.91
0.23,-0.37,0.89
0.23,-0.38,0.89
0.24,-0.39,0.88
0.23,-0.37,0.90
0.23,-0.39,0.89
0.24,-0.39,0.88
0.23,-0.37,0.89
0.23,-0.38,0.91
0.23,-0.40,0.87
0.23,-0.38,0.90
0.22,-0.37,0.91
0.23,-0.38,0.89
0.22,-0.38,0.91
0.23,-0.39,0.89
0.22,-0.38,0.90
0.23,-0.37,0.90
0.24,-0.37,0.89
0.24,-0.37,0.88
0.22,-0.37,0.91
0.22,-0.36,0.91
0.21,-0.39,0.90
0.23,-0.38,0.90
0.22,-0.39,0.89
0.22,-0.35,0.90
0.23,-0.36,0.90
0.22,-0.38,0.89
0.23,-0.37,0.88
0.23,-0.39,0.91
0.23,-0.37,0.89
0.22,-0.36,0.90
0.23,-0.36,0.89
0.23,-0.36,0.90
0.22,-0.37,0.93
0.22,-0.35,0.89
0.22,-0.35,0.89
0.21,-0.35,0.91
0.20,-0.38,0.94
0.20,-0.39,0.93
0.22,-0.38,0.90
0.22,-0.37,0.90
0.21,-0.36,0.89
0.21,-0.38,0.91
0.20,-0.40,0.92
0.18,-0.40,0.96
0.18,-0.33,0.94
0.21,-0.30,0.91
0.22,-0.31,0.92
0.22,-0.31,0.92
0.22,-0.30,0.90
0.22,-0.28,0.90
0.21,-0.28,0.92
0.22,-0.28,0.90
0.22,-0.30,0.90
0.21,-0.27,0.89
0.21,-0.39,0.90
0.22,-0.44,0.90
0.23,-0.43,0.85
0.20,-0.41,0.87
0.14,-0.41,1.00
0.05,-0.19,1.17
0.07,-0.09,1.08
0.06,-0.12,1.14
0.04,-0.13,1.23
0.04,-0.03,1.23
0.16,0.23,0.77
0.20,0.08,0.77
0.23,-0.05,0.93
0.27,0.03,0.71
0.35,0.26,0.43
0.38,-0.18,0.55
0.47,-0.23,0.26
0.49,-0.37,-0.10
0.39,-0.81,-0.36
0.09,-1.32,-0.49
-1.16,-0.81,-0.18
-1.69,-0.69,0.34
-2.08,-0.98,1.62
-2.30,-1.12,1.74
-2.99,-1.45,1.56
-3.67,-1.53,2.61
-3.99,-0.91,2.32
-3.97,-0.26,1.90
-3.53,0.37,0.78
-2.14,2.62,0.23
-1.52,2.38,-1.44
-0.96,1.02,-1.88
-0.53,0.16,-0.77
-0.33,0.13,0.40
0.32,-0.32,0.02
0.62,-0.38,-0.40
0.70,-1.12,0.03
0.56,-1.70,0.51
0.27,-1.54,0.90
0.05,-0.75,1.04
-0.07,-0.94,1.33
-0.03,-0.89,1.36
0.03,-0.70,1.15
0.08,-0.45,1.10
0.09,-0.45,1.09
0.19,-0.35,0.93
0.23,-0.25,0.79
0.24,-0.31,0.84
0.19,-0.30,0.96
0.17,-0.23,0.98
0.17,-0.17,0.92
0.18,-0.17,0.92
0.18,-0.25,0.95
0.20,-0.30,0.90
0.21,-0.24,0.90
0.20,-0.25,0.89
0.19,-0.26,0.93
0.19,-0.33,0.95
0.20,-0.35,0.92
0.20,-0.34,0.93
0.20,-0.33,0.93
0.19,-0.32,0.91
0.19,-0.29,0.92
-,-,-
0.20,-0.33,0.92
0.20,-0.31,0.93
0.20,-0.31,0.90
0.19,-0.27,0.94
0.19,-0.27,0.92
0.19,-0.28,0.95
-,-,-
0.15,-0.22,0.96
0.16,-0.24,0.96
0.15,-0.25,0.95
0.14,-0.23,1.00
0.15,-0.23,0.95
0.16,-0.24,0.94
0.16,-0.24,0.95
0.15,-0.23,0.96
0.15,-0.21,0.95
0.15,-0.21,0.96
0.15,-0.25,0.95
0.15,-0.23,0.96
0.15,-0.24,0.95
0.14,-0.24,0.97
0.14,-0.24,0.96
0.14,-0.22,0.98
0.14,-0.23,0.97
0.14,-0.22,0.96
0.15,-0.22,0.94
0.14,-0.20,0.97
0.13,-0.20,0.96
0.15,-0.22,0.97
0.15,-0.25,0.98
0.15,-0.24,0.95
0.15,-0.21,0.96
0.15,-0.21,0.95
0.16,-0.21,0.97
0.14,-0.22,0.98
0.15,-0.22,0.95
0.15,-0.23,0.96
0.15,-0.21,0.96
0.14,-0.20,0.98
0.14,-0.21,0.96
0.16,-0.22,0.95
0.17,-0.24,0.94
0.19,-0.25,0.98
0.17,-0.25,0.95
0.17,-0.24,0.91
0.17,-0.25,0.92
0.15,-0.27,0.93
0.13,-0.24,0.97
0.13,-0.19,0.98
0.10,-0.22,1.01
0.09,-0.23,1.02
0.09,-0.22,1.05
0.10,-0.20,0.99
0.11,-0.17,0.98
0.11,-0.11,0.97
0.10,0.05,0.93
0.08,-0.06,1.03
0.12,0.00,0.95
0.14,0.00,0.93
0.14,0.03,0.92
0.11,0.01,1.02
0.10,0.02,1.03
0.09,0.12,0.99
0.10,0.13,0.98
0.10,0.07,0.96
0.16,-0.02,0.93
0.11,-0.07,0.97
0.09,0.01,0.99
0.06,0.04,1.04
0.06,0.08,1.02
0.07,0.05,1.04
0.10,0.03,0.94
0.12,0.05,0.96
0.13,-0.04,0.96
0.15,-0.08,0.92
0.16,-0.09,0.92
0.13,0.03,1.00
0.15,-0.06,0.89
0.16,-0.19,0.87
0.12,-0.13,0.91
0.13,0.02,0.98
0.18,-0.22,0.76
0.00,-0.19,0.61
-0.12,-0.00,0.94
-0.11,0.29,1.26
-0.11,0.55,1.28
-0.08,0.43,0.95
-0.11,0.28,0.88
-0.12,0.21,0.99
-0.13,0.18,1.02
-0.10,0.16,0.95
-0.10,0.17,0.91
-0.08,0.20,0.94
-0.08,0.23,0.96
-0.10,0.26,1.00
-0.15,0.27,1.01
-0.14,0.26,1.03
-0.14,0.23,1.00
-0.13,0.20,0.95
-0.13,0.16,0.97
-0.12,0.17,0.95
-0.11,0.19,0.94
-0.11,0.19,0.94
-0.12,0.20,0.96
-0.15,0.23,1.04
-0.16,0.24,1.06
-0.16,0.23,1.05
-0.15,0.22,1.03
-0.15,0.22,1.03
-0.16,0.24,1.07
-0.16,0.31,1.15
-0.19,0.42,1.28
-0.18,0.49,1.25
-0.12,0.47,1.07
-0.09,0.71,1.00
-0.13,0.85,0.98
-0.15,0.81,0.69
-0.08,0.36,0.41
0.20,0.09,0.41
0.29,-0.07,0.44
0.35,-0.30,0.35
0.41,-0.49,0.26
0.43,-0.71,0.06
0.13,-1.01,-0.16
-0.39,-0.76,0.05
-0.72,-0.50,0.26
-1.00,-0.49,0.45
-1.24,-0.70,1.32
-1.57,-0.77,1.56
-1.88,-0.63,1.60
-1.97,-0.71,1.71
-2.00,-0.38,1.34
-1.83,0.97,1.57
-1.71,1.16,1.73
-1.60,1.28,1.31
-,-,-
-1.43,0.91,1.01
-0.90,0.30,0.23
-0.36,0.53,-0.24
0.07,0.75,-0.60
0.23,0.73,-0.47
0.30,0.18,-0.24
0.43,-0.67,0.17
0.59,-0.93,0.37
0.46,-0.93,0.72
0.31,-0.86,1.01
0.27,-0.72,1.03
0.23,-0.56,1.01
0.24,-0.45,0.97
0.20,-0.36,1.03
0.27,-0.33,0.88
0.31,-0.46,0.81
0.33,-0.46,0.80
0.28,-0.38,0.96
0.32,-0.37,0.85
0.32,-0.31,0.81
0.31,-0.34,0.80
-,-,-
0.25,-0.22,0.93
0.25,-0.22,0.95
0.25,-0.24,0.93
0.25,-0.24,0.94
0.26,-0.23,0.93
0.25,-0.24,0.93
0.25,-0.24,0.95
0.24,-0.24,0.97
0.25,-0.24,0.93
0.25,-0.23,0.94
0.24,-0.23,0.95
0.26,-0.24,0.91
0.25,-0.23,0.92
0.25,-0.24,0.93
0.24,-0.23,0.96
0.25,-0.23,0.93
0.26,-0.25,0.93
0.26,-0.24,0.93
0.25,-0.23,0.94
0.25,-0.22,0.93
0.25,-0.23,0.93
0.25,-0.25,0.93
0.24,-0.25,0.95
0.24,-0.24,0.95
0.23,-0.23,0.97
0.23,-0.21,0.96
0.24,-0.22,0.94
0.25,-0.24,0.93
0.26,-0.24,0.92
0.25,-0.23,0.93
0.26,-0.20,0.93
0.25,-0.20,0.94
0.25,-0.19,0.94
0.25,-0.20,0.95
0.25,-0.22,0.94
0.25,-0.22,0.92
0.25,-0.22,0.93
0.25,-0.20,0.93
0.24,-0.20,0.96
0.24,-0.20,0.96
0.25,-0.22,0.93
0.25,-0.21,0.94
0.24,-0.20,0.95
0.24,-0.20,0.96
0.23,-0.18,0.95
0.23,-0.17,0.97
0.24,-0.20,0.95
0.24,-0.21,0.94
0.24,-0.20,0.95
0.25,-0.20,0.93
0.24,-0.15,0.92
0.23,-0.14,0.94
0.23,-0.15,0.94
0.23,-0.15,0.93
0.22,-0.13,0.97
0.19,-0.12,0.99
0.19,-0.11,0.98
0.20,-0.11,0.97
0.19,-0.12,0.95
0.19,-0.12,0.98
0.18,-0.10,0.98
0.19,-0.09,0.97
0.19,-0.08,0.99
0.18,-0.09,0.99
0.17,-0.11,1.01
0.16,-0.11,1.06
0.19,-0.07,0.98
0.20,-0.05,0.97
0.18,-0.10,1.02
0.19,-0.05,1.01
0.21,-0.00,1.00
0.23,-0.01,0.97
0.25,-0.02,0.97
0.25,-0.00,0.99
0.27,0.03,0.92
0.29,0.01,0.91
0.30,0.01,0.91
0.29,0.05,0.91
0.29,0.07,0.76
0.36,-0.17,0.76
0.39,-0.40,0.82
0.46,-0.37,0.68
0.56,-0.14,0.40
0.42,-0.01,0.24
0.22,-0.34,0.47
-,-,-
-0.03,-0.38,0.60
-0.19,-0.33,0.49
-0.56,-0.56,0.62
-0.71,-0.55,0.58
-0.96,-0.43,0.72
-1.11,-0.28,0.97
-1.20,-0.22,0.94
-1.47,-0.45,1.20
-1.62,-0.49,1.30
-1.75,-0.43,1.53
-1.79,-0.37,1.42
-1.86,-0.17,1.11
-1.69,0.91,1.46
-1.61,1.13,1.36
-1.47,1.08,1.13
-1.33,0.92,0.92
-0.99,0.45,0.23
-0.52,0.25,-0.31
-0.04,0.37,-0.50
0.28,0.55,-0.48
0.36,0.45,-0.33
0.31,-0.32,0.52
0.29,-0.59,0.82
0.32,-0.76,0.94
0.35,-0.71,0.88
0.33,-0.64,0.98
0.15,-0.55,1.14
0.15,-0.47,1.11
0.22,-0.40,0.94
0.26,-0.39,0.85
0.24,-0.35,0.89
0.25,-0.33,0.92
0.28,-0.29,0.82
0.27,-0.31,0.91
0.28,-0.34,0.87
0.24,-0.32,0.95
0.24,-0.24,0.90
0.23,-0.21,0.95
0.23,-0.25,0.92
0.23,-0.25,0.93
0.24,-0.25,0.93
0.25,-0.27,0.92
0.25,-0.28,0.92
0.24,-0.27,0.97
0.23,-0.22,0.93
0.24,-0.21,0.94
0.24,-0.19,0.95
0.23,-0.20,0.95
0.23,-0.21,0.95
0.25,-0.21,0.93
0.26,-0.20,0.94
0.26,-0.22,0.91
0.26,-0.22,0.92
0.26,-0.24,0.89
0.25,-0.24,0.95
0.25,-0.24,0.92
0.24,-0.22,0.93
0.22,-0.20,1.00
0.22,-0.19,1.00
0.23,-0.20,0.96
0.23,-0.22,0.96
0.25,-0.23,0.93
0.25,-0.20,0.93
-,-,-
0.24,-0.22,0.93
0.24,-0.22,0.94
0.23,-0.23,0.96
0.23,-0.23,0.96
0.23,-0.22,0.94
0.24,-0.22,0.94
0.24,-0.22,0.94
0.25,-0.22,0.93
0.24,-0.23,0.93
0.24,-0.22,0.94
0.23,-0.23,0.95
0.23,-0.23,0.94
0.23,-0.23,0.95
0.24,-0.22,0.96
0.24,-0.22,0.92
0.25,-0.21,0.93
0.24,-0.20,0.93
0.23,-0.20,0.94
0.23,-0.20,0.96
0.24,-0.24,0.94
0.26,-0.23,0.92
0.24,-0.23,0.96
0.21,-0.22,0.97
0.23,-0.22,0.94
0.25,-0.24,0.92
0.25,-0.20,0.91
0.25,-0.20,0.95
0.24,-0.22,0.93
0.25,-0.24,0.93
0.24,-0.24,0.95
0.23,-0.21,0.95
0.23,-0.21,0.94
0.23,-0.22,0.93
0.24,-0.21,0.92
0.23,-0.21,0.95
0.22,-0.21,0.96
0.23,-0.22,0.95
0.23,-0.23,0.94
0.23,-0.24,0.94
0.23,-0.25,0.95
0.24,-0.24,0.93
0.25,-0.23,0.90
0.23,-0.23,0.93
0.22,-0.23,0.94
0.22,-0.21,0.94
0.21,-0.21,0.93
0.17,-0.19,1.03
0.15,-0.14,1.06
0.14,-0.09,1.05
0.15,-0.04,1.02
0.16,-0.04,1.04
0.16,-0.05,1.07
0.19,-0.06,1.00
0.22,-0.04,0.93
0.25,-0.05,0.90
0.29,-0.13,0.85
0.29,-0.16,0.86
0.28,-0.18,0.91
0.25,-0.18,0.98
0.23,-0.19,1.00
0.24,-0.19,0.96
0.25,-0.19,0.97
0.25,-0.19,0.96
0.26,-0.16,0.95
0.28,-0.16,0.91
0.29,-0.16,0.90
0.28,-0.15,0.91
0.26,-0.16,0.95
0.26,-0.18,0.94
0.27,-0.19,0.93
0.26,-0.21,0.97
0.26,-0.20,0.97
0.27,-0.18,0.95
0.26,-0.15,0.97
0.27,-0.14,0.94
0.28,-0.15,0.91
0.29,-0.15,0.91
0.30,-0.16,0.90
0.29,-0.18,0.91
0.27,-0.21,0.95
0.26,-0.19,0.96
0.25,-0.18,0.99
0.26,-0.16,0.96
0.26,-0.16,0.96
0.26,-0.17,0.96
0.28,-0.17,0.94
0.29,-0.14,0.92
0.29,-0.13,0.91
0.28,-0.15,0.94
0.26,-0.17,0.96
0.27,-0.16,0.96
0.25,-0.10,1.01
0.25,-0.08,0.96
0.28,-0.05,0.93
0.28,-0.06,0.90
0.28,-0.04,0.92
0.26,-0.03,0.94
0.26,-0.03,0.93
0.27,-0.07,0.89
0.28,-0.08,0.85
0.29,-0.01,0.82
0.25,0.06,0.81
0.18,-0.05,0.83
0.16,-0.27,0.90
0.19,-0.27,0.79
0.16,-0.22,0.51
0.08,-0.41,0.46
-0.02,-0.63,0.59
-0.10,-0.61,0.49
-0.39,-0.56,0.35
-0.55,-0.59,0.31
-0.73,-0.51,0.40
-1.03,-0.55,0.53
-1.28,-0.64,0.73
-1.83,-0.81,1.55
-2.09,-0.72,2.02
-1.94,-0.47,1.69
-1.70,-0.30,1.04
-1.51,0.02,0.70
-1.12,0.40,0.96
-1.07,0.40,1.14
-1.08,0.37,1.33
-1.05,0.42,1.22
-0.91,0.45,0.87
-,-,-
-0.12,0.26,-0.03
0.09,0.40,0.22
0.17,0.39,0.33
0.24,0.22,0.25
0.31,-0.21,0.39
0.34,-0.41,0.47
0.34,-0.58,0.53
0.31,-0.83,0.67
0.33,-1.05,0.77
0.34,-0.98,0.69
0.32,-0.86,0.73
0.25,-0.82,0.83
0.23,-0.74,0.89
0.29,-0.64,0.73
0.31,-0.67,0.73
0.30,-0.61,0.77
0.30,-0.50,0.80
0.31,-0.47,0.77
0.32,-0.50,0.75
0.30,-0.44,0.80
0.29,-0.23,0.89
0.27,-0.30,0.84
0.25,-0.46,0.85
0.26,-0.53,0.83
0.27,-0.49,0.87
0.25,-0.47,0.89
0.21,-0.50,0.89
0.22,-0.52,0.85
0.26,-0.50,0.81
0.26,-0.49,0.81
0.26,-0.54,0.81
0.21,-0.61,0.79
0.26,-0.58,0.76
0.28,-0.57,0.76
0.26,-0.58,0.76
0.26,-0.57,0.78
0.26,-0.57,0.78
0.25,-0.61,0.77
-,-,-
0.20,-0.57,0.81
0.22,-0.57,0.79
0.21,-0.55,0.80
0.21,-0.55,0.81
0.22,-0.54,0.79
0.22,-0.54,0.78
0.20,-0.55,0.82
0.20,-0.54,0.81
0.20,-0.55,0.82
0.20,-0.57,0.82
0.21,-0.56,0.80
0.21,-0.56,0.80
0.21,-0.55,0.81
0.21,-0.54,0.82
0.21,-0.55,0.80
0.21,-0.56,0.80
0.21,-0.55,0.80
0.21,-0.55,0.80
0.20,-0.56,0.81
0.21,-0.55,0.80
0.21,-0.56,0.80
0.20,-0.56,0.82
0.19,-0.56,0.83
0.20,-0.53,0.82
0.22,-0.54,0.80
0.22,-0.54,0.78
0.21,-0.53,0.81
0.19,-0.55,0.82
0.20,-0.56,0.80
0.20,-0.57,0.81
0.20,-0.54,0.83
0.19,-0.52,0.81
0.20,-0.49,0.83
0.20,-0.50,0.81
0.17,-0.59,0.73
0.20,-0.62,0.82
0.23,-0.49,0.81
0.22,-0.31,0.87
0.17,-0.35,0.97
0.14,-0.39,0.95
0.17,-0.32,0.91
0.16,-0.30,0.90
0.14,-0.29,0.91
0.12,-0.29,0.94
0.08,-0.25,1.00
0.07,-0.21,0.98
0.05,-0.19,0.98
0.04,-0.19,1.00
0.03,-0.22,1.00
0.04,-0.18,0.95
0.03,-0.19,0.92
0.03,-0.18,0.93
0.03,-0.17,0.96
0.02,-0.13,0.92
0.01,-0.09,0.98
-0.00,-0.06,0.99
-0.02,-0.06,0.98
-0.03,-0.07,0.97
-0.07,-0.12,1.02
-0.08,-0.12,1.03
-0.09,-0.11,1.00
-0.10,-0.11,1.00
-0.11,-0.16,1.03
-0.12,-0.13,1.02
-0.12,-0.10,1.01
-0.11,-0.08,1.01
-0.11,-0.07,1.02
-0.11,-0.09,1.00
-0.09,-0.07,0.98
-0.09,-0.07,0.98
-0.09,-0.07,1.00
-0.10,-0.06,1.00
-0.11,-0.03,1.02
-0.10,-0.01,1.01
-0.10,-0.04,0.98
-0.08,-0.03,1.00
-0.07,0.03,1.00
-0.08,0.04,1.03
-0.09,0.01,1.06
-0.11,-0.04,1.06
-0.08,-0.03,1.04
-0.08,0.05,1.11
-0.03,0.06,1.04
-0.04,0.01,1.00
-0.01,0.05,1.07
0.05,0.11,1.00
0.06,0.14,1.00
0.10,0.19,0.97
0.13,0.17,0.90
0.16,0.15,0.86
0.15,0.29,0.86
0.14,0.24,0.82
0.16,0.16,0.75
0.15,0.13,0.78
0.15,0.13,0.60
0.14,0.06,0.49
0.10,-0.09,0.48
0.06,-0.22,0.44
0.07,-0.47,0.20
-0.08,-1.13,-0.05
-0.51,-1.11,0.26
-0.80,-0.70,0.51
-1.00,-0.56,0.57
-1.61,-0.89,1.19
-1.99,-1.17,1.92
-2.10,-0.92,1.90
-2.23,-0.78,1.95
-2.18,-0.52,1.64
-1.77,0.08,1.20
-1.65,0.25,1.33
-1.42,0.51,1.13
-1.12,0.51,0.61
-0.43,0.59,-0.07
-0.03,0.47,-0.15
0.16,0.49,-0.08
0.26,0.31,0.14
0.34,0.07,0.27
0.38,-0.13,0.58
0.42,-0.28,0.60
0.45,-0.47,0.58
0.50,-0.57,0.56
-,-,-
0.45,-0.82,0.68
0.37,-0.84,0.75
0.35,-0.81,0.81
0.33,-0.80,0.84
0.31,-0.71,0.87
0.35,-0.61,0.78
0.38,-0.61,0.73
0.36,-0.51,0.80
0.36,-0.48,0.74
0.36,-0.46,0.77
0.36,-0.50,0.77
0.32,-0.48,0.82
0.29,-0.39,0.90
0.27,-0.28,0.89
0.27,-0.38,0.90
0.29,-0.43,0.88
